-0.057556 -0.005066 1.003906
-0.068665 -0.009460 1.005127
-0.060974 -0.000488 0.995056
-0.061279 -0.004150 0.997681
-0.068970 0.000977 0.992615
-0.062561 0.000244 0.995728
-0.058533 0.000488 0.999329
-0.057556 0.006958 0.992920
-0.060608 -0.002014 0.999329
-0.066406 -0.001038 0.999023
-0.063843 -0.008606 0.999023
-0.055725 0.007141 0.998718
-0.061279 -0.002625 0.999207
-0.068359 -0.004639 0.993286
-0.071350 -0.001892 0.994202
-0.060120 0.003296 0.997498
-0.072754 0.009888 0.992371
-0.067627 -0.007812 0.992371
-0.050903 -0.005798 1.002136
-0.061157 -0.000916 0.980286
-0.059082 0.002930 0.998962
-0.059509 -0.000610 0.994080
-0.063477 -0.012207 0.989990
-0.059326 0.006714 0.994568
-0.060791 -0.002991 0.996399
-0.065552 -0.003174 1.000183
-0.061279 -0.000854 0.988281
-0.056213 -0.005005 0.992554
-0.057556 0.001770 0.999695
-0.060608 0.007507 0.992615
-0.061035 -0.002747 0.993042
-0.060547 -0.004211 0.995483
-0.072144 -0.006775 1.006348
-0.062622 -0.003906 0.996399
-0.061707 -0.002258 0.994812
-0.063416 -0.000488 0.998352
-0.060974 0.002441 0.996094
-0.062012 -0.002075 1.000183
-0.062439 0.001892 1.001465
-0.068604 -0.001892 0.987854
-0.057678 0.003662 0.992737
-0.060669 -0.005798 0.995361
-0.062012 -0.004456 0.993958
-0.056396 0.003662 1.004333
-0.067871 0.005005 0.994812
-0.059692 -0.005493 0.996887
-0.069641 -0.000732 0.996765
-0.058411 -0.002319 0.988770
-0.060669 -0.003967 0.988770
-0.063293 0.000671 0.996216
-0.074646 -0.001709 0.995911
-0.071106 0.003113 0.994263
-0.062744 -0.000854 0.995483
-0.058472 0.004761 0.990295
-0.064331 -0.003723 0.997070
-0.051392 0.000427 1.001831
-0.060364 -0.002686 0.992554
-0.061707 0.002441 0.989441
-0.071167 -0.002258 0.993164
-0.059692 0.000427 0.989502
-0.060608 -0.006287 0.999695
-0.062744 -0.003357 0.996826
-0.061768 0.000916 1.005615
-0.061951 0.000549 0.993164
-0.068420 -0.003418 0.996399
-0.067566 -0.006470 1.009644
-0.067627 0.004578 0.988831
-0.070435 -0.007568 0.999084
-0.060669 -0.000854 0.998596
-0.055359 -0.006287 0.991882
-0.061218 0.000000 0.992188
-0.057068 -0.003113 0.990051
-0.065125 -0.005798 1.001160
-0.068665 0.004761 1.004089
-0.068115 -0.000671 0.997375
-0.058594 -0.000916 0.989319
-0.064941 -0.001892 1.000793
-0.065552 0.003174 0.993896
-0.063232 -0.003906 1.001709
-0.060486 -0.004517 1.001953
-0.063599 -0.004211 0.994812
-0.057861 -0.002136 0.997742
-0.060608 -0.002869 0.994141
-0.067078 -0.001221 0.992798
-0.066956 -0.001953 0.994324
-0.064636 -0.001709 1.001465
-0.057617 -0.006592 1.006714
-0.059692 -0.002991 0.998474
-0.060852 0.002258 1.003967
-0.069885 0.005737 0.989258
-0.052734 0.000488 0.999634
-0.065674 -0.005981 0.985718
-0.062134 0.000305 1.003052
-0.062988 0.005493 0.997131
-0.055359 0.001221 1.005310
-0.067993 -0.000793 0.997925
-0.060730 -0.005371 1.008179
-0.059875 -0.000061 0.999023
-0.053406 -0.004822 1.005981
-0.066589 -0.004639 0.996399
-0.068298 -0.001831 1.001099
-0.064636 -0.002380 0.994507
-0.051270 -0.001038 0.996338
-0.059082 0.001343 0.999695
-0.062256 -0.001831 0.992004
-0.055420 -0.005981 1.002014
-0.063660 -0.001648 1.003174
-0.069580 -0.000671 1.004395
-0.067566 -0.006226 0.990112
-0.062866 -0.010681 0.997192
-0.063293 -0.003479 1.002747
-0.069092 0.001099 0.999023
-0.047607 -0.002991 0.992249
-0.063110 0.001526 1.005249
-0.070374 -0.006470 0.995850
-0.062378 0.002563 1.002319
-0.067505 -0.002319 1.001404
-0.062683 -0.002869 0.992310
-0.061096 0.004822 0.997498
-0.056885 0.002014 0.997559
-0.061890 0.000061 0.999634
-0.059204 -0.004211 0.996765
-0.064697 -0.001892 1.000488
-0.072632 0.001099 0.993958
-0.070007 -0.001526 1.008606
-0.065186 0.000549 0.999573
-0.071655 -0.001099 0.992859
-0.061584 -0.001343 0.998047
-0.058044 -0.001892 0.997864
-0.069641 0.001038 0.989746
-0.058838 -0.000305 0.993713
-0.065613 0.000793 0.997925
-0.063293 -0.005127 0.984863
-0.066162 -0.003662 0.986084
-0.061157 -0.000122 0.994873
-0.071289 -0.007324 0.995911
-0.062378 -0.005554 0.990479
-0.062256 -0.007935 0.993286
-0.056213 0.000488 1.002991
-0.054382 -0.003845 1.000244
-0.067017 -0.001587 1.000854
-0.058899 0.002075 0.997742
-0.059998 -0.000916 1.005615
-0.063293 0.000732 0.993225
-0.066833 0.001892 0.999268
-0.064636 -0.001709 0.998901
-0.071899 -0.006104 0.996399
-0.059998 -0.012207 1.000366
-0.070679 0.002197 0.999207
-0.057495 0.000549 0.991028
-0.059509 0.002502 0.997498
-0.067566 -0.002136 0.999634
-0.064392 0.007996 1.002136
-0.065735 -0.000305 0.992126
-0.065247 -0.004944 1.003235
-0.069641 -0.002075 1.000000
-0.061340 -0.002991 0.996277
-0.060974 -0.000610 0.995544
-0.067566 -0.002808 0.997131
-0.061707 -0.005432 0.997375
-0.072327 -0.005554 0.999878
-0.065125 0.002014 0.990845
-0.066223 0.002502 0.996155
-0.059875 -0.000305 0.997009
-0.057373 -0.001343 0.996765
-0.066101 -0.003296 0.999451
-0.070129 -0.005737 1.003662
-0.065552 -0.003052 0.990845
-0.059937 0.008667 0.994141
-0.066101 -0.001404 1.000366
-0.059937 -0.002441 0.996277
-0.066223 -0.009216 0.997253
-0.065491 -0.002930 1.002563
-0.067993 -0.003418 0.991943
-0.067505 -0.003113 0.997803
-0.064941 -0.004272 1.000122
-0.063049 -0.001953 0.999695
-0.063660 0.003723 0.987305
-0.061096 0.002686 1.002869
-0.058533 -0.007263 1.000793
-0.062988 -0.003174 0.997925
-0.062927 0.001160 1.002869
-0.063660 0.004578 0.997131
-0.062317 -0.005798 0.999573
-0.066528 -0.006042 1.000610
-0.056824 -0.005310 0.996826
-0.067444 0.005493 0.997314
-0.060608 -0.005432 0.995728
-0.064270 0.000305 0.995850
-0.060425 0.004211 0.997559
-0.062012 -0.013245 1.000854
-0.061035 -0.001404 0.996887
-0.064453 -0.001038 0.997498
-0.058533 0.003662 0.985779
-0.051392 0.001587 0.993469
-0.057495 0.001587 0.981384
-0.063660 -0.002014 0.986572
-0.057800 0.005615 1.000977
-0.074646 -0.004028 0.999084
-0.064087 0.005005 1.008789
-0.064758 0.005798 0.998657
-0.061401 -0.006104 1.000000
-0.061096 0.008789 0.993652
-0.065796 -0.000305 1.000793
-0.057800 0.001587 0.996094
-0.069702 -0.004395 0.994934
-0.059998 -0.001587 0.991272
-0.068298 -0.003235 0.997192
-0.055237 -0.001892 0.999146
-0.064270 0.000061 0.994812
-0.062866 -0.003113 0.990417
-0.064575 0.000732 0.985474
-0.065002 -0.001404 0.988586
-0.072144 -0.003174 0.991089
-0.059692 0.000000 0.989807
-0.069885 0.001221 0.992676
-0.072632 -0.004211 0.996033
-0.060913 -0.010254 0.996155
-0.063232 0.006775 0.995911
-0.067078 -0.000244 1.001892
-0.058411 -0.002808 0.992859
-0.055359 0.000366 0.993225
-0.064941 0.003357 0.994934
-0.060059 0.003601 0.997498
-0.064331 -0.002686 0.991272
-0.065491 -0.005737 0.997314
-0.059692 0.005493 0.992676
-0.059448 0.003357 1.003418
-0.063904 -0.000854 0.993286
-0.060303 -0.001709 0.997375
-0.062927 0.003235 1.001709
-0.067017 0.004333 0.991699
-0.063171 0.004456 0.990601
-0.063904 -0.005554 0.998779
-0.069885 -0.000916 0.992554
-0.069885 -0.001770 1.006470
-0.064819 -0.001160 0.990540
-0.059143 -0.009521 1.004089
-0.065979 -0.005371 1.001038
-0.066162 -0.001770 0.996216
-0.069153 -0.003479 0.991638
-0.066833 -0.005493 1.005493
-0.066406 0.002258 0.988831
-0.060913 0.001343 0.986145
-0.070923 -0.004272 0.988159
-0.057251 -0.001465 0.996704
-0.064636 0.001465 0.989563
-0.060120 -0.001709 0.998657
-0.065613 -0.002747 1.005859
-0.056885 -0.007812 0.999207
-0.061462 -0.007324 0.996765
-0.062256 -0.000366 0.989319
-0.062622 -0.009888 1.003235
-0.069092 0.002319 0.994263
-0.065552 -0.005066 0.997375
-0.062195 -0.002502 0.995483
-0.063660 -0.001709 0.988647
-0.071350 0.002380 1.001221
-0.065308 0.000427 0.995789
-0.061401 -0.000854 0.992798
-0.065247 -0.007385 0.990234
-0.069092 -0.007324 0.996399
-0.065002 -0.009766 0.996155
-0.069397 -0.007751 0.988159
-0.061035 -0.007874 0.989014
-0.054565 0.002625 0.992859
-0.058716 0.002258 0.992065
-0.070740 -0.005249 1.002441
-0.063538 0.000183 1.003662
-0.059448 -0.005676 0.997681
-0.058228 -0.004517 1.000793
-0.069580 0.001160 0.994690
-0.064026 -0.007019 0.991028
-0.060120 -0.001343 1.003235
-0.063110 -0.002136 0.997925
-0.056458 -0.003723 0.997437
-0.059570 -0.002319 1.002625
-0.060791 0.000061 0.999695
-0.067688 0.001892 0.997742
-0.069702 0.000916 0.997681
-0.063293 -0.000305 1.001648
-0.060547 0.002075 0.992676
-0.065430 0.000977 0.998657
-0.066833 0.004944 1.001465
-0.070801 0.003357 0.997498
