grav grav grav sec
-0.064575 -0.010559 0.998169 0.003849
-0.068237 -0.001038 0.998169 0.007247
-0.062378 -0.000610 0.992859 0.011169
-0.066528 0.000610 0.993042 0.014665
-0.073669 -0.001526 1.003540 0.017879
-0.063782 -0.002808 0.993469 0.021052
-0.060242 -0.005127 0.997925 0.024467
-0.057190 -0.003784 0.993408 0.028467
-0.054199 -0.005188 0.994568 0.032084
-0.058960 -0.005737 0.997986 0.035323
-0.054871 -0.007996 0.991394 0.038455
-0.069519 -0.006775 0.996826 0.041605
-0.065735 -0.003906 0.989441 0.045474
-0.063416 0.004883 0.990234 0.048913
-0.066162 -0.012390 0.990417 0.052164
-0.060791 -0.004944 1.001038 0.055329
-0.063416 0.001709 0.994385 0.058846
-0.065430 0.002747 0.994812 0.062578
-0.060425 -0.005554 0.993347 0.066034
-0.060425 -0.000977 0.989685 0.069248
-0.059875 -0.001221 1.000000 0.072435
-0.054199 -0.005188 0.988342 0.075561
-0.070557 0.001099 1.007935 0.079412
-0.067322 -0.005615 0.998108 0.082704
-0.060791 -0.002502 0.997620 0.085878
-0.065369 -0.002014 0.995300 0.089379
-0.070251 -0.006470 0.999512 0.092854
-0.066650 0.000305 0.997498 0.096611
-0.064148 -0.003113 1.000061 0.099936
-0.065002 -0.002686 0.998596 0.103139
-0.057800 -0.004639 0.995972 0.106269
-0.064697 -0.005005 1.000671 0.109398
-0.063782 -0.006104 0.998352 0.113454
-0.062195 -0.000183 0.997620 0.116929
-0.068115 -0.010498 0.994873 0.123223
-0.066162 -0.005737 0.992432 0.126758
-0.056519 -0.002197 0.995056 0.130684
-0.056152 0.001892 0.999268 0.134047
-0.055359 -0.002014 0.997009 0.137363
-0.061951 -0.004272 0.997009 0.140683
-0.066956 -0.002991 0.999512 0.144656
-0.070679 -0.006714 0.994080 0.148271
-0.059998 -0.004028 0.996826 0.153405
-0.060852 -0.001892 0.996338 0.157075
-0.063538 -0.000610 0.991394 0.160656
-0.064636 -0.000061 0.994629 0.164283
-0.057800 0.000427 0.996521 0.167556
-0.067932 0.002563 0.991882 0.170847
-0.064514 -0.004028 0.994324 0.174134
-0.052795 -0.001282 1.003357 0.178325
-0.065857 -0.010254 0.992981 0.182951
-0.060974 -0.002808 1.003601 0.186984
-0.061951 -0.003723 0.990112 0.190742
-0.068970 -0.009521 0.988953 0.194579
-0.070251 -0.002808 0.992798 0.198047
-0.069275 -0.008606 1.000793 0.201161
-0.064941 -0.003357 0.999756 0.204289
-0.062012 -0.005188 0.992004 0.207412
-0.058472 0.005676 0.998474 0.211180
-0.059509 -0.004333 0.987732 0.214712
-0.063171 -0.002014 0.992310 0.218178
-0.061707 0.004822 0.998169 0.221669
-0.066406 0.001892 0.996521 0.224806
-0.066833 -0.002686 0.994873 0.228616
-0.065735 -0.001221 0.992126 0.232040
-0.060120 -0.000122 0.994873 0.235250
-0.067322 -0.004822 0.995056 0.238402
-0.059448 -0.002991 0.993591 0.241565
-0.064758 0.005798 0.994385 0.245115
-0.071045 -0.007568 0.998901 0.248648
-0.061157 -0.005188 0.997559 0.252381
-0.058899 -0.001160 0.997864 0.255706
-0.066711 -0.005432 0.987244 0.258992
-0.054321 -0.002747 0.997498 0.262506
-0.062500 -0.008789 0.992615 0.265909
-0.060852 -0.006104 0.994080 0.269203
-0.070068 0.000732 0.998169 0.272526
-0.057983 -0.005920 0.991394 0.275815
-0.069702 -0.002075 1.004517 0.281462
-0.059875 0.002258 1.001892 0.285626
-0.055054 0.001343 0.997742 0.289028
-0.061523 -0.003052 0.992676 0.292281
-0.061646 -0.006470 0.997742 0.295673
-0.058899 -0.001587 1.004089 0.299006
-0.060852 0.004700 1.000427 0.302318
-0.055054 0.002197 0.994873 0.305579
-0.068604 0.000122 0.994995 0.309460
-0.065674 0.000061 0.991577 0.314894
-0.060181 -0.007874 0.996826 0.318357
-0.065369 -0.000244 0.996765 0.321559
-0.071289 -0.002502 0.990784 0.324708
-0.063232 -0.001038 0.992798 0.327891
-0.066223 -0.005371 0.999878 0.331067
-0.065735 0.003784 0.990906 0.334225
-0.065674 -0.005005 0.997131 0.337413
-0.067383 -0.006531 1.000427 0.340524
-0.062622 -0.008301 0.991394 0.343961
-0.061646 -0.000610 0.989014 0.348006
-0.071106 -0.003052 0.999268 0.351427
-0.067749 0.005981 1.001221 0.354656
-0.062195 0.000916 0.988586 0.357948
-0.058533 -0.005981 0.992859 0.361295
-0.060059 -0.005859 0.993103 0.364503
-0.062378 -0.002014 0.999207 0.367659
-0.065674 0.000610 0.997559 0.370704
-0.067261 -0.006287 1.000488 0.374106
-0.063293 -0.001221 0.995300 0.377756
-0.069092 -0.000427 0.998413 0.381286
-0.051758 -0.002258 0.996094 0.384448
-0.067810 0.005310 1.005066 0.387570
-0.073181 0.001221 0.996277 0.390643
-0.062988 -0.000488 0.989807 0.393846
-0.056458 -0.002319 0.988403 0.397005
-0.067139 0.003540 0.993896 0.400118
-0.058105 -0.004028 0.994568 0.403246
-0.064941 -0.000671 0.995117 0.406660
-0.068298 -0.001892 0.992126 0.410321
-0.064636 0.005310 0.998596 0.413562
-0.063171 -0.006165 0.992554 0.416735
-0.056396 -0.014160 0.988342 0.419873
-0.064819 0.001343 0.993225 0.422965
-0.065735 -0.012146 0.994690 0.426145
-0.061157 -0.001282 0.998169 0.429317
-0.063965 0.000000 0.996399 0.432341
-0.067749 0.005310 0.986755 0.435570
-0.070984 -0.009827 0.992676 0.439046
-0.064697 -0.004517 0.990051 0.442737
-0.062439 0.001831 0.997986 0.445905
-0.057434 -0.000732 1.007019 0.449067
-0.060120 -0.009521 0.997986 0.452152
-0.058105 0.000610 0.991699 0.455237
-0.067871 -0.003723 0.996155 0.458376
-0.061157 0.001282 0.997498 0.461528
-0.057373 -0.006592 0.992310 0.464700
-0.060364 -0.001038 0.991638 0.468061
-0.058899 0.010437 0.991394 0.471627
-0.059814 -0.008057 0.994812 0.475071
-0.065674 0.000305 0.994507 0.478241
-0.057922 -0.008362 0.993042 0.481907
-0.057617 0.002014 0.999634 0.485086
-0.066162 -0.005005 0.996765 0.488212
-0.064514 -0.002441 0.995972 0.491308
-0.068420 -0.002502 0.995850 0.494509
-0.065857 -0.004761 0.999573 0.497991
-0.064514 0.002563 1.000793 0.501752
-0.067322 -0.003723 1.000916 0.505249
-0.065430 -0.000549 1.000977 0.508407
-0.067932 -0.003052 1.004761 0.512105
-0.072510 0.006226 0.997437 0.515276
-0.071167 -0.007874 1.007446 0.518439
-0.070801 -0.000122 0.995422 0.521584
-0.065430 -0.000916 0.998718 0.524730
-0.064758 -0.000732 0.997864 0.528402
-0.064514 -0.001587 1.001709 0.531894
-0.067627 0.001831 0.990662 0.535336
-0.065918 -0.003723 0.996338 0.538517
-0.065369 -0.004272 0.993774 0.541641
-0.069641 -0.006409 0.990051 0.545332
-0.068604 -0.010376 0.994019 0.548555
-0.062500 -0.001892 0.996826 0.551677
-0.062256 0.003296 0.999512 0.554767
-0.057495 -0.003235 0.996643 0.557949
-0.067078 -0.001648 0.994690 0.561780
-0.056763 0.001038 0.994873 0.565259
-0.061401 0.000305 0.995544 0.568628
-0.068237 0.008484 1.001221 0.571792
-0.065735 0.000061 0.998596 0.574847
-0.057495 -0.005737 1.004089 0.578538
-0.050537 -0.003357 0.995117 0.581775
-0.062012 -0.005554 1.001160 0.584923
-0.063354 -0.002136 1.007202 0.588037
-0.062622 -0.006409 0.991028 0.591257
-0.063110 0.003113 1.002380 0.595071
-0.063293 -0.000732 0.989319 0.598580
-0.058533 -0.013000 0.997864 0.602489
-0.061218 -0.015015 0.993530 0.605661
-0.066101 -0.004150 0.997681 0.608915
-0.057617 -0.002258 0.995544 0.612476
-0.058655 -0.003052 0.998352 0.615713
-0.056396 0.003479 0.988037 0.618865
-0.059326 -0.003784 0.997009 0.621948
-0.064270 -0.009155 0.999939 0.625304
-0.056274 0.000427 1.000854 0.629268
-0.065247 -0.002686 0.989258 0.632794
-0.062378 0.001709 0.993713 0.635957
-0.055908 -0.001221 0.994995 0.639077
-0.059692 0.003296 0.997925 0.642256
-0.061768 -0.000854 0.989014 0.645955
-0.070679 -0.005737 0.995056 0.649159
-0.060059 -0.001770 0.996521 0.652306
-0.062256 0.001709 0.986877 0.655527
-0.064941 -0.007568 0.994080 0.658929
-0.066406 0.002380 0.989075 0.662515
-0.077637 -0.003174 0.994690 0.665973
-0.069153 -0.003723 0.999390 0.669166
-0.063477 -0.002441 0.999817 0.672398
-0.059631 -0.001343 0.986938 0.675585
-0.062256 0.000061 0.993408 0.679070
-0.060913 0.001221 0.999634 0.682254
-0.064758 0.000488 0.988098 0.685372
-0.064697 -0.000061 0.988586 0.688848
-0.064148 0.003784 0.990845 0.692352
-0.066406 0.001770 0.994202 0.696032
-0.061218 0.001587 0.999023 0.699245
-0.062988 -0.004272 0.984924 0.702376
-0.060852 -0.003296 0.999268 0.705690
-0.057983 0.000000 0.999695 0.708758
-0.061646 0.001770 0.997864 0.712386
-0.065247 -0.004456 0.992676 0.715623
-0.060791 -0.007324 0.994568 0.718755
-0.062134 -0.004578 0.999390 0.722090
-0.062927 -0.001404 0.993042 0.725606
-0.069092 0.001831 0.988037 0.729264
-0.064087 0.005493 0.996216 0.732488
-0.061646 0.001343 1.000366 0.735738
-0.067993 -0.005005 0.997925 0.738797
-0.067871 -0.001343 0.999512 0.741956
-0.059265 -0.003845 0.991882 0.745898
-0.065430 0.001404 0.997253 0.749099
-0.056213 0.002441 1.003662 0.752507
-0.061340 0.008057 0.996521 0.755889
-0.061707 -0.005859 0.994507 0.759051
-0.060669 -0.002747 0.994812 0.762558
-0.063110 -0.007202 0.988159 0.765805
-0.064514 -0.006409 1.000183 0.769011
-0.061096 -0.005371 0.991699 0.772172
-0.058716 -0.001526 0.995300 0.775316
-0.070984 -0.006348 0.998657 0.778949
-0.061768 -0.004028 0.995178 0.782376
-0.065674 -0.002808 0.996582 0.786324
-0.059875 -0.001831 0.992126 0.789565
-0.059937 -0.005493 0.998718 0.792685
-0.065918 -0.000244 0.992676 0.796308
-0.068787 -0.001892 0.993530 0.799679
-0.065186 -0.007080 1.000793 0.803018
-0.059570 -0.005615 0.997253 0.806209
-0.056946 0.001648 1.007019 0.809340
-0.064148 -0.005249 0.993103 0.812973
-0.065308 -0.008911 0.994629 0.816504
-0.062988 -0.001038 1.005554 0.819949
-0.058289 -0.007202 0.992981 0.823115
-0.057312 -0.002014 1.003113 0.826262
-0.067688 -0.000916 0.994141 0.829886
-0.061340 -0.003052 0.990662 0.833335
-0.060181 -0.001099 1.002136 0.836528
-0.061951 -0.004211 0.995483 0.839678
-0.059998 -0.015686 0.991394 0.842838
-0.068726 0.001526 0.996582 0.847109
-0.061035 0.004272 0.994141 0.850640
-0.067444 0.000549 0.999451 0.853819
-0.061401 -0.000183 0.988159 0.856971
-0.067505 0.006165 1.003723 0.860610
-0.064575 -0.000732 0.993042 0.864431
-0.067017 0.004517 0.991943 0.867581
-0.058838 -0.002869 0.994629 0.870717
-0.065796 -0.000916 0.993896 0.873859
-0.071045 0.004761 0.998840 0.877856
-0.066650 -0.007568 1.004395 0.882150
-0.071655 0.001648 0.995361 0.885335
-0.052734 -0.005432 0.995911 0.888489
-0.055054 -0.004822 0.988403 0.891644
-0.063538 -0.002808 0.997437 0.895282
-0.070862 -0.004639 1.002319 0.898648
-0.060730 -0.003174 0.992188 0.901835
-0.065430 -0.001404 0.990112 0.904959
-0.053894 0.002991 1.002136 0.908291
-0.058655 0.002197 0.995300 0.911932
-0.057007 -0.002686 1.000244 0.915461
-0.058716 -0.005493 0.996582 0.918702
-0.067017 -0.010132 0.995422 0.921887
-0.059509 -0.006836 0.993469 0.925066
-0.064514 -0.003113 0.996460 0.928684
-0.055542 -0.005066 0.999695 0.931952
-0.057678 -0.004639 1.004883 0.935086
-0.062988 -0.006165 1.001160 0.938403
-0.062622 -0.004089 0.995789 0.942239
-0.059509 -0.002625 1.001160 0.945781
-0.071045 -0.007080 0.994995 0.949003
-0.069153 -0.006042 0.994873 0.952160
-0.062683 -0.006958 1.003052 0.955297
-0.062622 -0.007874 1.000244 0.958413
-0.073792 -0.006165 0.998596 0.962006
-0.063416 -0.004028 0.997131 0.965269
-0.065125 -0.010742 0.996277 0.968445
-0.065186 0.001892 0.993347 0.971867
-0.063354 -0.006226 0.997498 0.975374
-0.059509 0.000183 0.991882 0.978893
-0.068237 -0.008240 0.991821 0.982093
-0.059143 -0.001953 0.996216 0.985266
-0.065674 -0.009521 0.997986 0.988390
-0.053833 -0.008423 0.991943 0.991639
-0.065430 -0.008789 0.991150 0.995203
-0.065247 -0.001404 0.994080 0.998574
-0.062927 -0.001038 0.995483 1.004491
-0.060974 -0.000122 1.007751 1.008198
-0.057800 -0.001465 0.985352 1.011751
-0.050598 -0.001404 1.001831 1.015123
-0.065002 -0.004822 0.992310 1.018430
-0.056152 -0.004028 1.003174 1.021714
-0.058533 -0.005920 0.997009 1.025246
-0.060120 0.004272 0.999146 1.028721
-0.062866 0.003540 1.002380 1.033556
-0.062500 -0.002808 1.008423 1.037107
-0.064758 -0.001343 0.995422 1.040506
-0.065491 0.001160 0.995300 1.044191
-0.063782 -0.005737 0.995117 1.047433
-0.063904 -0.003662 1.004883 1.050577
-0.065735 0.001892 1.005249 1.053651
-0.065247 -0.004028 0.995789 1.057378
-0.064331 -0.000977 1.002686 1.061080
-0.064636 0.006165 1.001282 1.064496
-0.063049 -0.003357 0.997009 1.067949
-0.063110 -0.005493 0.990723 1.071146
-0.068237 0.003601 0.994995 1.074473
-0.068787 0.005615 1.003845 1.077993
-0.074402 0.001221 0.991028 1.081162
-0.059875 -0.005676 1.002075 1.084366
-0.060303 -0.005310 0.989624 1.087647
-0.070251 -0.002625 0.985229 1.090904
-0.069214 -0.002075 1.000977 1.094589
-0.057800 -0.004700 0.992126 1.098024
-0.059265 -0.003601 1.000610 1.101831
-0.066528 -0.002319 0.990845 1.105199
-0.057983 -0.001343 1.001709 1.108431
-0.071899 -0.001343 1.002197 1.112033
-0.065186 -0.006287 0.999023 1.115252
-0.062073 -0.007568 1.004761 1.118415
-0.065735 -0.003723 1.013794 1.121771
-0.061523 -0.008972 0.999512 1.124941
-0.058960 0.008301 0.995728 1.128890
-0.057190 -0.005981 0.996582 1.133416
-0.065186 -0.006653 1.002563 1.136815
-0.064941 0.002808 1.001038 1.139985
-0.061157 -0.000488 0.999634 1.143669
-0.057983 -0.007202 0.994019 1.147280
-0.053528 -0.001709 0.986267 1.150450
-0.065491 0.000305 0.998047 1.153793
-0.062439 -0.005127 1.002014 1.157129
-0.062012 0.001709 0.992188 1.161750
-0.066101 0.000793 0.993408 1.165420
-0.060547 -0.003723 0.999512 1.168888
-0.066406 0.004517 0.999695 1.172051
-0.068054 -0.006775 0.998352 1.175206
-0.058533 -0.009094 0.994324 1.178913
-0.062073 -0.002808 1.002869 1.182083
-0.057983 0.000916 1.005859 1.185444
-0.060425 0.000793 1.000610 1.188596
-0.064575 0.000793 0.998413 1.192023
-0.061768 0.004944 1.001831 1.195661
-0.059387 0.001282 1.002319 1.198907
-0.062012 -0.010437 0.994446 1.202275
-0.057983 -0.003479 0.991028 1.205494
-0.065918 0.000122 1.003601 1.208584
-0.066772 -0.006226 1.002808 1.212403
-0.057739 -0.001892 0.995422 1.216488
-0.065430 -0.007629 0.997559 1.219899
-0.057495 -0.002258 0.997742 1.223384
-0.066101 -0.007629 1.008057 1.227109
-0.058594 -0.003784 0.987549 1.230438
-0.059692 -0.004883 0.998352 1.233658
-0.061890 0.000244 0.987427 1.236756
-0.071472 -0.000610 0.996521 1.239872
-0.065002 -0.005737 0.994324 1.243106
-0.056946 0.000183 0.990234 1.246801
-0.065430 0.000427 1.003174 1.250085
-0.061096 -0.006042 0.991760 1.253500
-0.057068 -0.007935 0.989746 1.256979
-0.059204 -0.003906 1.005920 1.260268
-0.068848 -0.002808 0.993225 1.264211
-0.066772 -0.004150 0.992981 1.267745
-0.065979 -0.008057 0.981628 1.270941
-0.065002 -0.007019 0.994385 1.274225
-0.060852 -0.006409 0.996826 1.278333
-0.065430 0.001587 0.990845 1.281687
-0.064331 -0.004639 0.993591 1.287131
-0.063660 -0.010071 0.996826 1.290338
-0.057007 0.001404 0.990295 1.293927
-0.064941 -0.002319 0.986389 1.297509
-0.057068 -0.003601 0.994446 1.300781
-0.066345 0.000854 1.002747 1.303897
-0.065369 -0.005127 0.999023 1.306993
-0.063782 0.002258 0.992004 1.310636
-0.069031 -0.014221 0.993164 1.314177
-0.059021 -0.001892 0.994507 1.318073
-0.062683 -0.004028 0.992126 1.321301
-0.062012 -0.000427 0.991699 1.324464
-0.059387 -0.005676 0.989990 1.328272
-0.060242 -0.000854 0.992432 1.331689
-0.067505 -0.005005 0.991211 1.334880
-0.052856 0.000610 0.992493 1.338053
-0.063904 -0.002930 0.999573 1.341166
-0.060547 -0.004822 0.994141 1.345116
-0.061401 -0.005554 0.999390 1.348675
-0.073975 -0.004211 0.995972 1.352139
-0.058716 -0.000122 0.995605 1.355350
-0.064819 -0.003906 0.995667 1.358418
-0.061707 -0.010437 0.992737 1.362346
-0.066711 -0.000427 0.998108 1.365711
-0.060303 0.004822 0.993713 1.368851
-0.064453 -0.004456 0.997131 1.371995
-0.065735 0.001831 0.989502 1.375064
-0.063110 -0.002441 1.000549 1.379237
-0.054504 -0.004089 0.990356 1.382846
-0.058777 -0.004639 0.996155 1.386288
-0.061707 -0.011719 0.994812 1.389493
-0.058350 -0.001709 0.995728 1.392685
-0.067261 -0.007019 0.992859 1.396459
-0.063538 -0.003845 0.993408 1.399791
-0.060669 -0.006653 0.994995 1.402942
-0.063477 -0.000671 0.992126 1.406056
-0.056946 -0.007019 0.999756 1.409504
-0.058289 -0.000671 0.997253 1.413341
-0.063843 0.002319 0.997559 1.416744
-0.052429 -0.012024 0.997131 1.419942
-0.066345 -0.001404 0.997681 1.423085
-0.064697 -0.007874 0.993958 1.426896
-0.067017 -0.000671 0.998352 1.430815
-0.069580 0.000488 0.991455 1.433997
-0.067017 -0.000977 1.000061 1.437139
-0.061707 -0.004578 0.995911 1.440495
-0.070557 0.003113 0.994507 1.444729
-0.065857 -0.001831 0.998352 1.448186
-0.058411 -0.003174 1.002319 1.451412
-0.063293 -0.003479 1.000549 1.454546
-0.055786 0.003357 0.997803 1.457671
-0.069092 0.002747 0.998413 1.461347
-0.060120 -0.007019 0.992493 1.464842
-0.066345 -0.006775 0.993591 1.468010
-0.064575 0.000488 0.999878 1.471365
-0.057495 -0.008545 0.992004 1.474963
-0.063477 0.002014 0.993164 1.478911
-0.063477 -0.004211 0.998657 1.482305
-0.063538 -0.000244 0.997131 1.485494
-0.068481 -0.001160 0.991394 1.488909
-0.057983 0.000305 0.984375 1.492045
-0.058777 -0.005920 0.995605 1.495864
-0.068237 -0.000977 0.994690 1.499214
-0.061707 -0.005554 0.995056 1.502614
-0.064209 -0.004822 0.992249 1.506112
-0.064087 -0.006042 0.991089 1.509325
-0.059692 -0.004150 0.992859 1.513078
-0.065247 -0.005615 0.995911 1.516424
-0.065735 -0.008606 1.000244 1.519598
-0.064514 0.000061 0.997803 1.522663
-0.070068 -0.008179 0.997986 1.525737
-0.063599 -0.005005 1.002869 1.529594
-0.059692 -0.002075 0.989624 1.533107
-0.065918 -0.003113 0.993042 1.536834
-0.062927 -0.010132 0.992371 1.540010
-0.066833 -0.001526 1.006165 1.543203
-0.065796 0.000000 0.994995 1.546936
-0.056152 -0.000305 0.994629 1.550162
-0.062561 0.000122 0.993774 1.553306
-0.067139 -0.005737 0.997742 1.556464
-0.068787 -0.002930 1.000610 1.559705
-0.058777 -0.005981 0.989990 1.563380
-0.066895 -0.002991 0.995667 1.566902
-0.062256 0.003296 0.997559 1.570345
-0.061951 -0.001343 0.997864 1.573545
-0.064880 -0.002014 0.995239 1.576962
-0.065918 -0.002136 0.994812 1.580456
-0.065125 -0.006287 0.993469 1.583638
-0.063477 -0.005493 0.992798 1.586802
-0.066162 -0.000610 1.007935 1.589927
-0.063171 -0.004944 1.000549 1.593161
-0.062439 -0.004822 0.995178 1.597089
-0.069702 0.003357 0.998840 1.600720
-0.064697 -0.011353 1.008484 1.603946
-0.058472 -0.006287 0.999268 1.607078
-0.061707 -0.003906 0.999084 1.610463
-0.064514 -0.006287 1.007812 1.613972
-0.067017 0.000610 0.992676 1.617133
-0.059814 -0.005005 0.994141 1.620285
-0.063782 -0.008240 0.991882 1.623429
-0.066467 0.005127 1.002014 1.626865
-0.049927 -0.005615 1.001526 1.630740
-0.063843 0.001282 0.982788 1.634165
-0.066589 -0.002869 1.000244 1.637297
-0.056763 -0.003052 1.000793 1.640448
-0.066101 0.002563 0.988220 1.644178
-0.070007 -0.004150 0.990112 1.647635
-0.075623 -0.000427 0.991089 1.650833
-0.073059 -0.004395 0.996277 1.653977
-0.060791 -0.000610 0.996338 1.657110
-0.059875 -0.008423 0.998413 1.661029
-0.065918 -0.005127 1.001221 1.664829
-0.063782 -0.004456 0.999695 1.668016
-0.064270 -0.005066 0.992859 1.671169
-0.063232 -0.000122 1.001648 1.674313
-0.066589 -0.007019 1.002747 1.677986
-0.067627 -0.009460 1.004211 1.681428
-0.060364 -0.005371 0.995239 1.684605
-0.057983 -0.002014 0.996521 1.687728
-0.073486 -0.002563 1.002075 1.691128
-0.052490 0.000427 0.989624 1.694978
-0.062012 0.002441 1.002014 1.698357
-0.066650 -0.002136 0.993469 1.701575
-0.062683 0.000061 0.995850 1.704674
-0.063354 0.005615 0.997375 1.707781
-0.065247 -0.001587 0.994873 1.711577
-0.065857 0.001221 0.993164 1.714902
-0.059326 0.007263 0.996582 1.718028
-0.061462 0.000671 0.999390 1.721489
-0.064575 0.000916 0.996460 1.724960
-0.067566 -0.000305 0.995361 1.728910
-0.071411 -0.005493 0.996033 1.732311
-0.060547 -0.002747 0.998169 1.735387
-0.062622 -0.005798 0.985107 1.738539
-0.058777 -0.002563 1.004639 1.741690
-0.055115 -0.004944 0.993774 1.745618
-0.069275 -0.008179 0.993713 1.748981
-0.070251 -0.002747 0.995911 1.752126
-0.064758 -0.003601 0.998901 1.755572
-0.066345 -0.005554 1.003784 1.759019
-0.063965 0.001038 0.993286 1.762765
-0.067017 -0.004150 0.993530 1.766058
-0.060364 0.003723 0.994934 1.769246
-0.060120 -0.000671 1.004150 1.772373
-0.071716 -0.008179 0.997742 1.775488
-0.063782 -0.004578 1.005127 1.779333
-0.072693 -0.003357 0.989563 1.783441
-0.063782 -0.007996 0.996338 1.787527
-0.057617 0.000122 0.988098 1.791182
-0.055725 0.002930 0.992126 1.795254
-0.059692 -0.010010 1.005798 1.798855
-0.061157 0.002930 1.002808 1.802103
-0.060608 -0.006592 0.996338 1.805404
-0.056458 -0.004639 0.997620 1.808704
-0.062012 -0.001526 0.997009 1.812606
-0.070984 -0.007996 1.000610 1.817530
-0.067261 -0.004150 0.997681 1.820966
-0.063354 0.004211 0.990967 1.824102
-0.063843 -0.004211 0.998596 1.827814
-0.062988 -0.006897 0.996277 1.831198
-0.059570 0.006348 0.991455 1.834370
-0.050903 0.001648 0.986389 1.837515
-0.061829 0.000549 0.997925 1.840612
-0.063171 0.000183 0.986694 1.844760
-0.063171 0.000183 0.996521 1.848359
-0.064758 -0.000732 0.998718 1.852376
-0.066833 0.000977 0.990601 1.855541
-0.061523 0.002075 0.998169 1.858680
-0.063904 0.003174 0.995056 1.862703
-0.064087 -0.005737 0.991760 1.866064
-0.056824 -0.002075 0.998718 1.869279
-0.069397 -0.005371 0.993530 1.872402
-0.072815 0.001099 1.002930 1.875507
-0.066650 -0.006104 0.998840 1.879473
-0.067017 0.006836 0.997742 1.883369
-0.062744 -0.012573 0.983459 1.886568
-0.061218 -0.001892 0.998230 1.889798
-0.059509 -0.009094 1.000977 1.892990
-0.061829 -0.018250 0.993530 1.896775
-0.062988 -0.003174 0.987549 1.900043
-0.062195 -0.005920 1.005432 1.903178
-0.071960 -0.005005 0.995239 1.906296
-0.056702 0.004761 0.995056 1.909966
-0.067810 -0.000793 1.003784 1.913981
-0.061829 -0.001770 0.999634 1.917508
-0.054077 -0.002625 0.993347 1.920673
-0.060181 -0.002502 0.994385 1.923805
-0.060303 -0.001709 0.990845 1.927459
-0.066772 -0.000854 1.004089 1.930933
-0.066650 -0.007202 1.001953 1.934111
-0.064941 -0.004883 0.998840 1.937272
-0.059448 0.004150 0.998535 1.940692
-0.064453 -0.002808 0.989563 1.944456
-0.062378 -0.000732 0.999512 1.947871
-0.068298 -0.004089 0.999329 1.951029
-0.060669 -0.003113 0.990356 1.954169
-0.056641 0.001892 0.997192 1.957260
-0.063843 -0.001526 0.998169 1.960910
-0.054443 -0.000183 0.991150 1.964341
-0.052551 0.000671 0.995789 1.967468
-0.062134 -0.012390 0.999878 1.970815
-0.062256 -0.006226 0.998718 1.974268
-0.058960 -0.005676 0.993774 1.978103
-0.062744 -0.004822 0.994873 1.981563
-0.059448 0.000671 1.000610 1.984712
-0.060486 0.000610 0.992126 1.987830
-0.060242 0.002441 0.999817 1.990917
-0.062744 -0.004028 1.002747 1.994575
-0.065552 -0.005005 1.001831 1.998006
-0.059448 -0.003723 0.989929 2.001401
-0.065125 0.002991 1.001831 2.005167
-0.065308 -0.004333 0.999207 2.008410
-0.060364 0.002197 1.000671 2.012066
-0.068542 -0.004578 0.990906 2.015443
-0.059814 -0.011902 0.989990 2.018642
-0.063782 -0.003784 0.989990 2.021764
-0.070557 0.000244 0.998596 2.024847
-0.060425 -0.005676 0.996094 2.028477
-0.058655 -0.001343 1.004395 2.031949
-0.059814 -0.000732 0.991333 2.035854
-0.056396 -0.001099 0.993958 2.039114
-0.057556 -0.007935 0.993225 2.042267
-0.063171 -0.004028 0.997437 2.046043
-0.058777 -0.002502 0.998169 2.049359
-0.058655 -0.005859 0.997681 2.052522
-0.061829 0.001770 0.990356 2.055656
-0.068298 -0.005493 0.995667 2.058770
-0.065063 -0.001038 0.997742 2.062670
-0.068481 -0.006104 0.993958 2.066174
-0.069458 -0.002625 0.997803 2.069627
-0.059631 -0.002869 0.990845 2.072833
-0.064270 -0.001648 0.999756 2.076050
-0.066956 -0.002319 0.996582 2.079714
-0.057495 0.000183 0.994080 2.082974
-0.067261 -0.006714 0.990845 2.086106
-0.061951 -0.000122 0.997131 2.089226
-0.058594 0.000427 0.998108 2.092339
-0.067993 -0.005981 0.990295 2.096412
-0.060181 -0.007324 0.995972 2.100380
-0.068054 0.000671 1.001831 2.103610
-0.063416 -0.009460 0.998901 2.106743
-0.060059 0.001892 1.000732 2.109893
-0.064209 -0.003113 0.995972 2.113709
-0.067993 -0.012817 0.994629 2.116923
-0.060364 -0.003723 1.002563 2.120071
-0.064087 0.001343 0.998901 2.123230
-0.058533 0.002808 1.001221 2.126591
-0.067932 -0.000488 1.000793 2.130604
-0.063049 -0.005981 1.003479 2.134061
-0.057678 -0.008545 0.993225 2.137272
-0.068848 -0.006226 0.992188 2.140391
-0.065369 -0.000793 0.993958 2.143865
-0.061401 -0.000793 0.999634 2.147424
-0.068726 -0.000183 0.996643 2.150610
-0.069336 0.002747 1.003418 2.153758
-0.061462 0.000793 1.001465 2.156862
-0.063171 -0.006836 0.997498 2.160255
-0.065491 0.000916 0.989685 2.163970
-0.066711 -0.002808 0.987427 2.167457
-0.062439 -0.005249 1.008972 2.170636
-0.063782 0.002136 0.998962 2.173759
-0.068420 -0.003601 0.997009 2.177430
-0.058838 -0.007935 0.999207 2.180883
-0.069702 -0.004272 0.987793 2.184083
-0.057678 0.000671 0.994141 2.187208
-0.066162 -0.004761 0.995483 2.190586
-0.066833 0.000000 0.997498 2.194114
-0.072693 -0.004395 0.994324 2.197762
-0.057495 0.003052 0.990173 2.200948
-0.072998 0.003662 0.994324 2.204052
-0.055603 -0.003235 0.997375 2.207144
-0.069214 -0.002136 1.000549 2.210651
-0.057434 -0.008850 0.997742 2.214188
-0.068542 -0.006714 0.997009 2.217389
-0.064209 -0.007935 0.992493 2.220755
-0.064026 -0.000793 0.995728 2.224622
-0.066467 -0.004456 0.994141 2.228517
-0.061768 -0.003906 0.983765 2.231919
-0.070129 0.004456 0.991333 2.235080
-0.059937 -0.003357 0.994202 2.238239
-0.067322 -0.008606 1.000427 2.241372
-0.062744 -0.007141 1.004333 2.244830
-0.074219 0.002258 0.994690 2.248142
-0.063110 -0.000244 0.994568 2.251474
-0.056885 -0.008667 1.002380 2.254789
-0.070679 -0.000305 0.996582 2.258422
-0.058533 -0.000366 0.998596 2.261981
-0.065186 0.008057 0.993958 2.265332
-0.060059 0.001038 0.999573 2.268591
-0.065918 -0.000732 0.996216 2.271865
-0.064331 -0.001221 0.998047 2.275127
-0.062866 -0.006226 0.991577 2.278382
-0.066467 0.001343 0.984436 2.283810
-0.064514 -0.001587 1.002197 2.287265
-0.055725 0.000854 0.995239 2.291158
-0.065918 0.002502 0.999939 2.294297
-0.066589 0.001282 0.994873 2.297584
-0.066162 -0.001221 0.995605 2.300925
-0.063782 -0.003906 0.993774 2.304264
-0.059937 -0.007935 0.996460 2.307498
-0.059509 0.002625 0.988159 2.310657
-0.062317 -0.008911 0.994446 2.314672
-0.068909 -0.002869 0.994324 2.318776
-0.067017 -0.002625 0.997192 2.322695
-0.063171 -0.002991 1.001709 2.325937
-0.069946 -0.000671 0.992249 2.329342
-0.065430 -0.007751 0.998291 2.332629
-0.067200 -0.004944 0.993286 2.335921
-0.065369 -0.006592 1.001587 2.339173
-0.060547 0.001709 0.995972 2.342478
-0.064941 -0.001892 0.996826 2.349300
-0.058472 -0.006287 0.989075 2.352976
-0.058655 -0.000916 0.995972 2.358697
-0.057678 0.000000 1.003174 2.361827
-0.057556 -0.005371 1.000977 2.364966
-0.067017 -0.002991 1.000793 2.369350
-0.057312 -0.001892 0.996765 2.372506
-0.069763 0.000122 0.998657 2.375640
-0.059265 -0.002258 0.997009 2.379649
-0.056519 -0.004944 0.988220 2.383377
-0.060120 -0.003235 0.996033 2.386854
-0.067322 -0.002930 0.998962 2.390202
-0.070557 -0.001770 1.002869 2.393400
-0.060913 0.001465 0.995239 2.396584
-0.055359 0.001160 0.991455 2.399724
-0.064209 -0.011536 1.003723 2.402872
-0.064941 0.004761 0.986877 2.405981
-0.062561 0.002747 0.997437 2.409347
-0.059021 0.004700 0.993896 2.413198
-0.061035 0.003906 0.996948 2.416494
-0.069580 0.003174 0.992920 2.419640
-0.059998 -0.002197 0.996277 2.422736
-0.067993 0.002930 0.992981 2.425853
-0.065979 -0.004822 1.014954 2.429024
-0.062622 -0.005859 0.994751 2.432179
-0.063538 0.000366 0.997192 2.435291
-0.065918 0.007629 0.994080 2.438407
-0.064087 -0.004028 0.992493 2.441808
-0.063721 -0.008423 0.996826 2.445520
-0.061279 0.000000 1.001587 2.448696
-0.067627 -0.001404 0.994324 2.451819
-0.070251 0.008850 0.997131 2.454966
-0.064941 -0.000732 0.999878 2.458116
-0.061279 0.000793 0.997437 2.461292
-0.066101 -0.001038 0.996277 2.464475
-0.073120 -0.000793 0.997925 2.467614
-0.069153 0.000488 0.990784 2.470872
-0.063965 -0.001343 0.993713 2.474724
-0.060303 -0.007690 0.997925 2.478291
-0.066101 -0.001038 1.005615 2.481498
-0.064026 0.007446 0.990234 2.484579
-0.063110 0.003479 1.002136 2.487670
-0.062744 -0.002991 1.001587 2.490819
-0.069641 -0.004456 0.989502 2.494010
-0.067749 0.004272 0.984436 2.497112
-0.060303 -0.002563 0.994202 2.500224
-0.063293 -0.003296 0.992371 2.503493
-0.059265 -0.004333 0.994812 2.507225
-0.062988 -0.002258 1.002808 2.510541
-0.057373 -0.002075 0.989319 2.513668
-0.059204 -0.001953 0.999878 2.516800
-0.059937 0.001709 0.993530 2.519948
-0.064514 0.000000 0.995300 2.523036
-0.061707 -0.003723 0.994324 2.526194
-0.061340 -0.002136 0.992126 2.529393
-0.061584 -0.006836 0.993591 2.532474
-0.066162 -0.000732 1.002686 2.535815
-0.065491 0.000427 1.001892 2.539461
-0.059021 -0.001953 0.998901 2.542737
-0.057007 0.000610 0.999023 2.545914
-0.060608 0.002563 0.990051 2.549002
-0.066895 0.003296 0.997070 2.552091
-0.059387 -0.005859 0.997681 2.555198
-0.060669 -0.006165 0.996338 2.558256
-0.064758 -0.009033 1.003235 2.561470
-0.063782 -0.000977 0.994812 2.564814
-0.060608 -0.004456 0.995789 2.568668
-0.057983 -0.002869 1.000366 2.572193
-0.058594 -0.003418 0.994873 2.575367
-0.067932 -0.002319 0.992676 2.578577
-0.064819 0.004578 0.999207 2.581676
-0.062744 -0.005127 0.995483 2.584782
-0.068176 0.004944 0.994629 2.587863
-0.065002 -0.007812 1.012085 2.590976
-0.064453 -0.008057 0.987122 2.594108
-0.067688 -0.008301 0.997314 2.597464
-0.060730 -0.002380 0.995361 2.601434
-0.059692 -0.000732 1.001038 2.604728
-0.063782 0.000854 0.994324 2.607890
-0.064636 -0.012512 0.995789 2.611063
-0.057556 -0.002014 0.997925 2.614199
-0.065247 -0.006592 0.995483 2.617270
-0.061035 0.000793 0.999084 2.620390
-0.059448 -0.009094 1.004944 2.623529
-0.070496 -0.002136 0.996948 2.626688
-0.059937 0.000732 0.999023 2.630098
-0.064819 0.001038 0.990479 2.633655
-0.063293 -0.000488 0.997681 2.636838
-0.064636 -0.004150 0.998352 2.639991
-0.062439 -0.002441 1.000122 2.643180
-0.062500 -0.005676 1.002441 2.646315
-0.064453 -0.001404 0.996887 2.649458
-0.062256 -0.000916 0.997070 2.652565
-0.067078 -0.002869 0.987976 2.655666
-0.064758 -0.004395 0.996643 2.659020
-0.058044 -0.006042 1.003418 2.662855
-0.053467 0.002441 0.995667 2.666411
-0.069031 -0.005554 1.000793 2.669487
-0.060303 -0.003540 1.000977 2.672605
-0.059265 -0.005493 0.993286 2.675740
-0.061768 -0.006714 0.994812 2.678942
-0.064148 -0.000305 0.991577 2.682067
-0.063171 -0.000549 1.000183 2.685188
-0.067200 -0.001770 0.990295 2.688365
-0.066162 -0.008057 0.993774 2.691787
-0.056885 0.004883 0.991943 2.695423
-0.061584 -0.004395 0.989380 2.698587
-0.064392 -0.002319 0.994568 2.701713
-0.063354 -0.009338 0.998291 2.704839
-0.060913 -0.003296 0.996399 2.707973
-0.066101 0.000366 0.994629 2.711154
-0.062317 -0.011902 0.992554 2.714278
-0.060181 0.002747 0.997437 2.717376
-0.060608 -0.006104 0.997986 2.720633
-0.062256 -0.001099 0.993896 2.724517
-0.063416 -0.000488 1.010376 2.728091
-0.056396 0.002258 0.996643 2.731226
-0.060303 -0.002686 0.994202 2.734377
-0.054810 -0.003662 0.989014 2.737557
-0.057129 -0.001038 1.000793 2.740662
-0.067139 0.006531 0.999023 2.743838
-0.062439 -0.000916 0.998291 2.746963
-0.067993 -0.002625 0.999756 2.750074
-0.063721 -0.000610 0.999451 2.753450
-0.062683 -0.006348 0.986389 2.757166
-0.065674 0.005005 0.998657 2.760449
-0.053528 -0.000610 0.999512 2.763623
-0.059143 0.000366 1.001770 2.766690
-0.058350 -0.011230 0.997009 2.769826
-0.059021 -0.002136 0.992004 2.772977
-0.066101 -0.003479 0.988586 2.776112
-0.066711 -0.001343 1.000916 2.779155
-0.064758 -0.002625 1.001892 2.782441
-0.069641 -0.000244 1.008118 2.786321
-0.054138 0.000122 0.994446 2.789816
-0.063599 -0.006470 0.993652 2.792997
-0.057373 -0.008789 0.993469 2.796149
-0.070312 -0.008301 0.999695 2.799309
-0.056885 -0.005798 0.999939 2.802437
-0.062805 0.009094 0.993286 2.805465
-0.065918 0.001770 0.995239 2.808573
-0.063110 -0.005249 0.997009 2.811708
-0.066589 -0.002258 1.001892 2.815063
-0.067749 -0.008057 1.002869 2.818905
-0.059204 -0.001587 0.991760 2.822206
-0.064941 0.001099 0.995239 2.825350
-0.060059 -0.002197 1.000671 2.828491
-0.059937 0.000122 0.993469 2.831647
-0.072144 0.004639 0.984741 2.834786
-0.067810 0.000061 1.002014 2.837912
-0.064636 0.001953 0.990417 2.841059
-0.060303 -0.000244 0.998474 2.844178
-0.059082 -0.003418 1.003906 2.847536
-0.058289 -0.004272 0.995483 2.851185
-0.069458 -0.003662 1.005005 2.854441
-0.057861 0.001343 0.997925 2.857808
-0.065552 -0.005615 1.003052 2.861139
-0.062195 0.000366 0.995972 2.864396
-0.066895 -0.008545 0.994141 2.867669
-0.063599 0.000977 1.000183 2.870914
-0.065247 -0.001526 0.988892 2.874175
-0.057312 0.002441 0.992249 2.879913
-0.063110 -0.001892 1.001465 2.883881
-0.055847 -0.001465 0.997375 2.887273
-0.071228 -0.008057 0.989075 2.890586
-0.070129 -0.006348 1.000061 2.893915
-0.062805 -0.001770 0.996155 2.897101
-0.061707 0.000549 0.998413 2.900360
-0.054565 -0.000732 0.988892 2.903648
-0.058533 0.003113 0.996277 2.907457
-0.062317 -0.000793 0.998474 2.911651
-0.051880 -0.002014 0.996033 2.915611
-0.058289 0.000427 0.998352 2.918967
-0.063904 -0.012085 1.001465 2.922250
-0.059387 -0.006653 0.998413 2.925578
-0.064514 0.000366 0.994019 2.928885
-0.063599 -0.003662 0.995239 2.932143
-0.053528 -0.001709 0.997009 2.935393
-0.064270 -0.011780 1.003357 2.941597
-0.064880 -0.003235 1.001221 2.945410
-0.059387 -0.006470 1.005127 2.948781
-0.063843 -0.007263 0.995667 2.952047
-0.048340 -0.010498 0.999023 2.955310
-0.065063 -0.003601 0.999695 2.958929
-0.063477 -0.001587 0.990051 2.962282
-0.059631 0.000305 0.991516 2.965584
-0.066711 -0.008423 0.995544 2.969428
-0.067810 -0.008240 0.986877 2.973684
-0.063538 -0.003174 0.999329 2.977494
-0.064575 -0.004028 1.001343 2.980710
-0.067444 -0.001221 0.998169 2.983845
-0.064575 -0.007141 0.996094 2.986992
-0.070496 -0.002686 0.991272 2.990072
-0.067871 0.000732 1.002625 2.993273
-0.062256 -0.001038 0.997620 2.996416
-0.057983 -0.002991 0.989929 2.999567
-0.058044 0.002625 0.997742 3.002934
-0.063660 0.001343 0.996460 3.006521
-0.060120 0.002441 1.003174 3.009720
-0.066650 0.004761 0.997437 3.012858
-0.064209 0.000916 0.996765 3.015951
-0.056641 -0.002319 0.997681 3.019093
-0.059448 -0.010742 1.004028 3.022255
-0.062500 -0.002380 0.997070 3.025423
-0.064087 -0.008789 0.990295 3.028567
-0.063416 -0.010559 0.997864 3.031909
-0.064270 0.001892 0.995544 3.035667
-0.059326 -0.005066 0.993408 3.039241
-0.061646 -0.001770 0.991089 3.042412
-0.064514 -0.000610 0.994629 3.045631
-0.060059 -0.006470 1.002258 3.048778
-0.073669 -0.002014 0.999695 3.051887
-0.065125 -0.009888 0.994019 3.054998
-0.065796 -0.004822 0.993958 3.058188
-0.057556 -0.001648 0.994690 3.061290
-0.059387 -0.003845 0.996704 3.064704
-0.062317 -0.000549 1.002930 3.068381
-0.055237 -0.006287 0.993347 3.071616
-0.061951 -0.002991 1.000183 3.074780
-0.068054 -0.002441 0.996826 3.078016
-0.068054 -0.006409 0.994873 3.081175
-0.056213 -0.004639 0.992859 3.084276
-0.054932 -0.004089 0.987061 3.087404
-0.055237 0.000122 1.002502 3.090497
-0.056580 0.000305 0.986694 3.093776
-0.065796 0.000366 1.001465 3.097638
-0.062927 -0.004089 0.991577 3.101120
-0.063110 -0.005066 1.003601 3.104228
-0.062622 -0.000366 1.000549 3.107364
-0.063232 0.002625 0.995911 3.110501
-0.064941 0.006042 0.994446 3.113669
-0.064880 -0.000488 0.989868 3.116808
-0.061768 -0.003235 1.003906 3.119928
-0.064575 0.005859 0.999329 3.122943
-0.062866 0.001953 0.999268 3.126263
-0.053162 0.003601 0.998779 3.130068
-0.056396 -0.005127 1.006531 3.133399
-0.066711 -0.000427 1.000916 3.136559
-0.063293 -0.007141 0.988586 3.139706
-0.056946 -0.005798 0.995300 3.142814
-0.056335 0.001648 1.001526 3.145950
-0.062012 -0.007141 0.998962 3.149044
-0.067383 0.007324 0.997925 3.152181
-0.072510 -0.008484 0.997681 3.155282
-0.072266 -0.004639 0.994141 3.158787
-0.065796 -0.006104 0.983521 3.162438
-0.062988 0.004822 0.997803 3.165657
-0.062439 -0.000244 0.985779 3.168743
-0.063416 -0.007874 0.994934 3.171862
-0.066162 0.002258 0.997864 3.174984
-0.064026 -0.003113 0.994751 3.178172
-0.066650 -0.001282 0.985779 3.181368
-0.064636 -0.006287 1.000488 3.184497
-0.067322 -0.002563 0.999756 3.187756
-0.066406 -0.003235 0.987854 3.191637
-0.077942 -0.000427 0.994263 3.195220
-0.056519 -0.008972 0.988220 3.198387
-0.059082 -0.010681 0.997986 3.201554
-0.066467 -0.001526 0.994263 3.204718
-0.067749 -0.000671 0.992859 3.207795
-0.061951 -0.005920 0.993347 3.210997
-0.067688 -0.005493 0.997681 3.214160
-0.062683 -0.002441 0.999756 3.217313
-0.070374 -0.005798 0.985535 3.220722
-0.069031 -0.004089 0.992554 3.224303
-0.063416 -0.006836 0.998413 3.227554
-0.058472 -0.006226 1.003357 3.230673
-0.068176 -0.001526 0.999512 3.233814
-0.061951 -0.005127 0.998352 3.236947
-0.060852 -0.008423 0.995422 3.240072
-0.053345 0.002441 0.995544 3.243158
-0.057617 -0.003357 0.995117 3.246294
-0.067749 0.002258 0.999390 3.249579
-0.064331 -0.001038 0.992432 3.253432
-0.060547 -0.002258 0.999084 3.257044
-0.062378 -0.005554 0.996704 3.260308
-0.064453 -0.002563 0.996765 3.263461
-0.070679 0.006104 0.999451 3.266582
-0.063599 -0.007507 1.002319 3.269731
-0.060364 -0.000610 0.994019 3.272885
-0.070007 -0.000488 0.990051 3.275985
-0.058472 -0.010864 0.990967 3.279062
-0.064697 -0.004700 0.997253 3.282448
-0.057800 -0.005554 0.996948 3.286144
-0.066833 -0.004211 0.996338 3.289363
-0.054871 0.006409 0.999939 3.292434
-0.066711 -0.006165 0.999512 3.295633
-0.066650 -0.006470 0.993103 3.298832
-0.060913 -0.004822 1.001099 3.302051
-0.062988 -0.005005 0.997314 3.305185
-0.065308 0.003967 0.995056 3.308258
-0.053772 -0.005676 0.999084 3.311567
-0.067627 -0.002747 0.990417 3.315475
-0.067871 -0.001648 1.000977 3.319117
-0.062073 -0.000183 0.996521 3.322237
-0.062317 -0.002625 0.997925 3.325407
-0.066162 0.000610 0.990479 3.328578
-0.052307 -0.000916 0.997253 3.331755
-0.063171 -0.000061 1.005249 3.334876
-0.055359 -0.007324 0.993469 3.338045
-0.061890 -0.000244 1.000305 3.341156
-0.056274 0.003296 0.999817 3.344635
-0.063416 -0.002014 0.998474 3.348371
-0.063538 -0.004028 0.996338 3.351708
-0.068787 -0.003906 1.000427 3.354874
-0.063721 0.002869 0.995239 3.358026
-0.066162 -0.007507 0.993896 3.361182
-0.065857 -0.000244 0.990540 3.364433
-0.060120 -0.000671 0.997864 3.367872
-0.058289 -0.004761 1.007568 3.371143
-0.066162 0.000916 0.996216 3.374404
-0.061401 0.000732 1.005249 3.378340
-0.057312 -0.007324 0.993713 3.382002
-0.058594 0.000732 0.987976 3.385171
-0.056885 -0.008118 0.999390 3.388309
-0.061646 0.004333 0.997925 3.391405
-0.066956 -0.005859 0.993469 3.394551
-0.061035 -0.005798 1.000122 3.397725
-0.053467 -0.001526 0.999634 3.400843
-0.060059 -0.005981 0.997681 3.404006
-0.063904 -0.002441 0.997437 3.407499
-0.056030 -0.004822 0.997681 3.411079
-0.057190 -0.007202 1.004822 3.414490
-0.066162 -0.005371 0.989380 3.417648
-0.060791 -0.002686 0.997681 3.420777
-0.062073 0.003906 1.007690 3.423845
-0.066406 -0.003723 0.987305 3.427008
-0.059753 0.000061 0.999939 3.430130
-0.063843 0.007141 0.989868 3.433251
-0.063293 0.001465 0.998535 3.436362
-0.054138 -0.002197 0.999451 3.439749
-0.060059 0.002197 0.992371 3.443332
-0.067139 0.003235 0.991150 3.446436
-0.059692 -0.000366 0.990845 3.449587
-0.066589 0.002502 0.996765 3.452665
-0.061218 0.006836 0.995972 3.455781
-0.061462 -0.003723 1.003113 3.458921
-0.069397 -0.001160 0.995361 3.462090
-0.058899 -0.003662 0.988403 3.465202
-0.063293 0.002686 0.987732 3.468484
-0.067810 -0.001587 0.992859 3.472356
-0.074890 -0.004089 0.998413 3.475944
-0.070129 -0.001404 0.994080 3.479196
-0.059082 0.005859 0.997620 3.482282
-0.073914 0.010437 0.995178 3.485365
-0.053833 -0.000488 0.993469 3.488475
-0.062744 -0.005676 1.001465 3.491556
-0.070129 -0.005554 0.995117 3.494693
-0.057617 -0.001709 1.001160 3.497872
-0.061096 -0.003723 0.998352 3.501243
-0.066162 0.003052 0.995789 3.505100
-0.058289 -0.005859 0.998779 3.508303
-0.064819 -0.006531 0.996399 3.511504
-0.062683 -0.006592 0.999390 3.514685
-0.069885 0.003418 0.990417 3.517808
-0.062744 0.000183 1.003174 3.520890
-0.064087 -0.003174 0.989990 3.523977
-0.069946 -0.006775 0.998779 3.527036
-0.059021 -0.001282 1.003723 3.530146
-0.059326 0.001709 1.001648 3.533583
-0.062805 -0.005066 0.990906 3.537282
-0.060364 -0.003723 0.997192 3.540517
-0.058716 -0.007812 0.988464 3.543687
-0.065369 0.004028 0.992310 3.546813
-0.065552 -0.003418 0.999817 3.549989
-0.059326 -0.004028 0.998413 3.553124
-0.071838 -0.005005 0.997437 3.556231
-0.064209 -0.008301 0.996582 3.559385
-0.065125 -0.001343 0.993958 3.562707
-0.066162 -0.002136 0.993835 3.566631
-0.060669 0.003296 0.991272 3.570170
-0.061646 -0.000977 0.999268 3.573328
-0.055115 0.002075 0.991699 3.576533
-0.063599 0.005005 0.988037 3.579669
-0.064758 -0.003601 0.989136 3.582790
-0.063416 0.004028 0.993713 3.585900
-0.059998 -0.002136 0.988220 3.589008
-0.070435 -0.001892 1.001221 3.592110
-0.062317 -0.004272 0.994934 3.595480
-0.068420 0.004211 1.001648 3.599178
-0.062622 -0.008179 0.991943 3.602417
-0.062683 -0.010864 0.989685 3.605555
-0.058228 -0.008545 1.002258 3.608666
-0.061401 -0.005432 0.994263 3.611850
-0.063354 -0.001770 0.996094 3.614981
-0.067871 0.003357 1.000366 3.618035
-0.059631 -0.003113 0.998047 3.621198
-0.059570 -0.002930 1.000366 3.624546
-0.062866 -0.001343 0.992737 3.628392
-0.059204 0.001282 0.995178 3.631911
-0.065857 -0.000671 0.995911 3.635079
-0.064270 -0.003296 0.997986 3.638250
-0.062866 -0.004150 0.990540 3.641384
-0.059692 0.002197 0.989685 3.644545
-0.066956 -0.003601 0.995605 3.647701
-0.062866 -0.002441 1.000305 3.650838
-0.055725 -0.001099 0.999512 3.653895
-0.066101 0.004761 0.997009 3.657282
-0.064209 0.000549 0.999817 3.660942
