grav grav grav sec
-0.069336 -0.005920 1.001221 0.005774
-0.060669 -0.000427 1.001892 0.009007
-0.062073 -0.000854 0.998169 0.012257
-0.069031 -0.005615 0.998535 0.015428
-0.061584 -0.002197 0.993530 0.019207
-0.067627 -0.000916 1.008484 0.022628
-0.057251 -0.006531 0.995544 0.025874
-0.054443 0.003662 1.004944 0.029297
-0.061401 -0.004822 0.997498 0.032786
-0.074219 -0.007935 0.995300 0.038345
-0.066345 -0.008301 1.005676 0.041718
-0.068787 -0.002075 0.996277 0.044896
-0.065918 -0.000244 1.002991 0.048200
-0.064819 0.000732 0.999268 0.051884
-0.063782 0.001953 0.995422 0.055418
-0.064392 -0.002747 1.000061 0.058602
-0.066833 -0.012024 1.002014 0.062024
-0.064758 -0.001404 0.995300 0.066204
-0.057617 -0.000793 0.994934 0.069787
-0.066956 -0.001770 0.996704 0.073026
-0.068909 -0.001343 1.000366 0.076144
-0.059875 -0.008728 0.996582 0.079282
-0.059875 0.000122 0.999451 0.082673
-0.063721 -0.002930 0.996277 0.086425
-0.062866 -0.010193 0.994385 0.089658
-0.064880 -0.006348 0.992065 0.093063
-0.063843 -0.006958 1.000183 0.096532
-0.069519 0.000916 0.994629 0.100225
-0.047791 0.003906 1.000793 0.103623
-0.060913 -0.007935 1.000610 0.106805
-0.064819 0.003296 0.992371 0.109959
-0.057373 0.000732 0.994690 0.113306
-0.057800 -0.000305 0.991760 0.117189
-0.063782 -0.003357 0.991699 0.120699
-0.060364 -0.001465 0.991333 0.124142
-0.069092 -0.002930 0.997253 0.127687
-0.064697 -0.006042 1.001831 0.131043
-0.064758 -0.003052 0.991699 0.134893
-0.063477 0.000122 1.001221 0.138247
-0.064758 -0.000977 0.998352 0.141428
-0.070312 -0.000061 0.989868 0.144688
-0.067322 -0.001160 0.989807 0.147834
-0.061890 -0.007202 0.994324 0.151636
-0.059082 -0.004395 0.991089 0.155236
-0.060669 -0.002991 0.998108 0.158958
-0.071655 -0.004333 1.000977 0.162255
-0.059021 0.000427 0.998901 0.165942
-0.053467 0.000977 1.001892 0.169884
-0.064941 0.002441 0.994385 0.173123
-0.061401 0.002930 1.000977 0.176217
-0.065369 -0.006653 0.997986 0.179328
-0.061462 -0.005493 0.993164 0.184122
-0.070251 -0.005005 0.990479 0.187712
-0.063599 -0.007141 0.993103 0.191241
-0.061951 -0.002808 0.997498 0.194425
-0.068665 -0.004028 0.997681 0.197579
-0.064819 0.004578 0.995117 0.201228
-0.063721 0.008118 0.996826 0.204559
-0.058838 0.004028 0.996277 0.207675
-0.059143 -0.003052 0.987488 0.210815
-0.062683 -0.007141 0.993896 0.213915
-0.061035 0.003723 0.996033 0.218054
-0.067993 -0.002197 0.999634 0.221728
-0.059509 0.001465 0.996826 0.224902
-0.066162 -0.002808 0.995667 0.228043
-0.064819 -0.002136 0.989258 0.231127
-0.066223 -0.005737 0.987976 0.234732
-0.070251 -0.003052 0.992432 0.237936
-0.063660 -0.004150 1.002441 0.241282
-0.068054 -0.010925 0.992371 0.244485
-0.063843 0.002502 0.993042 0.247804
-0.058899 0.001526 0.996155 0.251534
-0.067261 -0.003601 1.001648 0.255079
-0.054749 -0.006348 0.989563 0.258452
-0.068726 -0.007324 0.996765 0.261603
-0.062927 -0.008484 0.994812 0.264702
-0.068359 0.002686 0.989502 0.268321
-0.072449 -0.006409 0.993164 0.271575
-0.067200 -0.008240 0.994080 0.274759
-0.071899 -0.004944 0.995056 0.278077
-0.068237 -0.002197 0.996948 0.281970
-0.065125 -0.006165 0.996643 0.285657
-0.066956 -0.003418 1.008118 0.288897
-0.060181 -0.002197 1.002686 0.292009
-0.060913 -0.001404 0.998474 0.295121
-0.066223 -0.002136 1.003052 0.298229
-0.066406 -0.001160 1.005249 0.301358
-0.065430 -0.003113 0.998352 0.305169
-0.063110 -0.002686 0.997986 0.308466
-0.065613 -0.007324 1.002380 0.311891
-0.070435 0.000549 0.997559 0.315213
-0.068054 -0.005249 0.998596 0.318823
-0.064270 -0.004822 0.999939 0.322025
-0.066895 -0.001099 0.993591 0.325149
-0.059998 0.001221 0.991821 0.328225
-0.064880 0.002014 0.993286 0.331324
-0.067932 -0.003601 0.994751 0.334485
-0.068604 -0.000732 0.992249 0.338125
-0.063599 0.002808 0.996277 0.341595
-0.061829 0.000183 0.997742 0.345062
-0.060364 -0.001526 1.002319 0.348261
-0.063354 -0.006104 0.995605 0.351775
-0.064270 -0.002441 0.995911 0.354962
-0.065918 -0.005005 0.997131 0.358088
-0.050842 0.002380 0.995667 0.361252
-0.060608 0.005310 0.993896 0.364355
-0.066162 0.002991 0.997437 0.367537
-0.061462 0.002563 0.992859 0.371366
-0.061096 -0.005005 0.989258 0.374789
-0.073669 0.001526 1.000977 0.378150
-0.064636 -0.004822 0.997009 0.381357
-0.061584 0.003235 0.999268 0.384851
-0.069641 -0.000427 0.991760 0.388150
-0.064636 0.000244 0.993652 0.391291
-0.061829 0.008545 0.987793 0.394408
-0.061890 -0.002319 1.004639 0.397548
-0.070923 -0.004883 0.991394 0.401285
-0.066162 -0.000488 0.995483 0.404771
-0.062622 0.001465 0.998535 0.408186
-0.063477 -0.004761 0.999695 0.411380
-0.061951 -0.005249 1.000183 0.414521
-0.056213 -0.001831 0.998413 0.418032
-0.063416 -0.005554 0.998352 0.421283
-0.059937 0.007202 0.998413 0.424402
-0.067505 0.002563 0.997192 0.427517
-0.059021 -0.000610 0.997314 0.430680
-0.060669 -0.000488 0.998779 0.434335
-0.063965 -0.003174 0.988403 0.437764
-0.057373 -0.001221 0.998169 0.441286
-0.065613 0.000610 0.993896 0.444486
-0.067322 -0.007874 0.990295 0.447711
-0.067139 -0.003845 0.996338 0.451331
-0.062683 0.001526 0.995056 0.454535
-0.068237 -0.005737 0.991333 0.457661
-0.055603 -0.004211 0.995972 0.460824
-0.066162 -0.001160 0.994934 0.464148
-0.069519 -0.011230 0.995239 0.467878
-0.067993 -0.001831 0.998840 0.471401
-0.058838 -0.005127 0.992676 0.474789
-0.067688 0.005127 0.998169 0.477936
-0.065369 -0.008728 0.993835 0.481059
-0.057739 -0.000854 0.999084 0.484690
-0.067749 -0.005737 1.000122 0.487912
-0.075317 -0.004578 0.998840 0.491044
-0.067261 -0.000427 0.995850 0.494117
-0.060974 -0.000244 1.007751 0.497400
-0.065186 -0.004761 0.995300 0.501352
-0.065674 -0.005798 0.992432 0.505201
-0.069824 0.002380 1.001099 0.508425
-0.067322 0.002808 0.998474 0.511531
-0.060425 -0.003540 1.002014 0.514670
-0.063171 -0.002014 0.997131 0.517876
-0.065308 -0.010437 1.011230 0.520999
-0.050293 -0.004517 0.993652 0.524136
-0.063171 -0.007996 1.005432 0.527215
-0.054016 -0.006958 0.991089 0.530573
-0.060242 -0.000061 1.001404 0.534250
-0.056641 -0.000244 0.997009 0.537456
-0.070251 -0.002075 0.992249 0.540596
-0.067383 -0.006653 0.995056 0.543714
-0.057068 0.002075 0.995911 0.546829
-0.063660 -0.004761 0.997681 0.550005
-0.060608 -0.001404 0.997131 0.553127
-0.063904 -0.004456 0.994141 0.556258
-0.073608 -0.002014 0.993164 0.559522
-0.066895 0.000061 0.995483 0.563462
-0.057556 -0.004639 0.992676 0.567080
-0.059448 -0.004395 0.989990 0.570404
-0.067932 -0.000793 0.992859 0.573637
-0.066467 -0.001099 0.991882 0.576794
-0.059509 -0.005066 1.002014 0.579926
-0.069336 -0.000305 0.996399 0.583115
-0.060913 -0.000122 1.007874 0.586273
-0.054321 -0.000610 1.001404 0.589389
-0.064270 -0.002502 0.991699 0.592823
-0.051025 -0.003601 0.991455 0.596519
-0.065491 -0.002625 0.998840 0.599733
-0.056091 0.001892 0.999878 0.602834
-0.075134 0.003418 1.000061 0.605948
-0.059387 -0.001709 1.004150 0.609286
-0.068848 0.000610 1.001099 0.612466
-0.065002 -0.001282 0.999939 0.615698
-0.063721 -0.002686 0.999329 0.619179
-0.072144 -0.000854 0.994629 0.622595
-0.064087 -0.002441 0.999329 0.626119
-0.061096 0.001282 0.989990 0.629230
-0.060669 -0.004089 0.991760 0.632574
-0.061401 0.005249 0.995056 0.636023
-0.062988 -0.004578 0.994873 0.639176
-0.061768 -0.000732 0.992615 0.642502
-0.074646 0.009644 0.999390 0.645588
-0.068481 -0.003723 1.000061 0.648765
-0.058777 0.005310 1.008057 0.652517
-0.061523 0.002380 0.992371 0.656432
-0.068237 -0.000427 0.997131 0.659925
-0.068604 -0.002563 0.999634 0.663245
-0.058167 -0.003296 0.995544 0.667223
-0.054321 -0.011780 0.997375 0.670664
-0.060425 0.005615 0.998169 0.674006
-0.065186 -0.001404 0.997314 0.677340
-0.059692 -0.003662 0.992493 0.680574
-0.056641 -0.001526 0.997864 0.684618
-0.066040 -0.005798 0.994080 0.689143
-0.061279 -0.006165 0.992371 0.692474
-0.069824 -0.002625 0.991516 0.695634
-0.070129 -0.000977 0.988281 0.698854
-0.057800 -0.008057 0.989929 0.702037
-0.066895 0.002625 0.996826 0.705168
-0.068726 -0.002808 0.994446 0.708324
-0.066223 -0.002136 0.992981 0.711461
-0.068054 -0.002930 1.001831 0.714764
-0.065308 -0.007874 0.994568 0.718545
-0.057495 0.001770 0.998291 0.722148
-0.063904 -0.000427 1.000427 0.725381
-0.062317 -0.011047 1.004150 0.728522
-0.057800 0.000244 1.000671 0.731636
