grav grav grav sec
-0.061646 -0.005676 1.000183 0.003777
-0.059265 -0.008667 0.998169 0.006983
-0.060547 0.000549 0.995178 0.010315
-0.067322 -0.008301 0.991821 0.013744
-0.058289 -0.007202 1.002563 0.017187
-0.062195 -0.003723 0.997620 0.020399
-0.066040 -0.003113 0.989075 0.023818
-0.060852 -0.005615 0.993774 0.027380
-0.061768 -0.004944 0.998962 0.030869
-0.064087 -0.003906 0.987488 0.034250
-0.062378 -0.001587 1.003296 0.037408
-0.058960 -0.000122 0.994263 0.040626
-0.071472 -0.007507 0.993164 0.044334
-0.067993 -0.003479 0.996399 0.047574
-0.067017 0.000061 0.998535 0.050890
-0.061523 -0.002136 1.000916 0.054029
-0.064758 -0.003174 1.003174 0.057551
-0.063171 -0.001526 0.991211 0.061302
-0.066528 0.004761 0.995361 0.064734
-0.069397 -0.001770 0.993347 0.068106
-0.069641 -0.004456 0.995117 0.071282
-0.055542 0.001526 1.005676 0.075081
-0.062927 -0.001587 0.994324 0.078533
-0.061157 -0.004089 0.998108 0.081640
-0.059509 -0.001648 0.995911 0.084970
-0.057556 -0.001587 1.010559 0.088449
-0.065186 -0.008240 0.996155 0.092223
-0.064880 -0.003601 0.997314 0.095706
-0.062134 -0.005859 0.989197 0.098916
-0.066711 -0.006226 0.991638 0.102099
-0.062012 -0.004272 0.998047 0.105221
-0.057007 0.001465 0.993713 0.108901
-0.064026 -0.004944 0.997864 0.112255
-0.065186 -0.002930 1.005432 0.115442
-0.053711 -0.004150 0.995972 0.118745
-0.067017 -0.005554 0.991516 0.122778
-0.061035 -0.007812 0.992615 0.126388
-0.070129 0.000366 0.993958 0.129623
-0.060791 0.002808 0.998474 0.132785
-0.057312 -0.006409 0.988586 0.135907
-0.064270 -0.001038 0.991333 0.139124
-0.056946 -0.006958 0.993286 0.142705
-0.066345 -0.010254 0.998108 0.145933
-0.062561 0.001282 0.998108 0.149096
-0.060852 -0.001831 1.006348 0.152531
-0.061340 -0.005066 0.999634 0.155978
-0.061279 -0.003052 0.998108 0.159656
-0.067383 -0.008179 0.993408 0.162911
-0.063171 -0.001709 0.998169 0.166096
-0.065796 -0.003418 0.994995 0.169266
-0.063721 -0.007263 1.004517 0.172504
-0.060791 -0.001770 0.998779 0.176271
-0.069214 -0.006409 1.003662 0.179546
-0.063293 0.004028 0.992676 0.182915
-0.063782 -0.005127 0.999207 0.186412
-0.058472 -0.000122 0.997559 0.189632
-0.065674 -0.005371 0.990967 0.193264
-0.065002 -0.008850 1.002136 0.196466
-0.056458 0.002075 0.991394 0.199586
-0.070312 0.000977 0.999756 0.202768
-0.058716 -0.000366 0.993958 0.205982
-0.062927 0.000793 0.991760 0.209511
-0.060059 -0.003235 0.996826 0.212717
-0.062195 -0.002014 1.004395 0.216176
-0.063293 0.000854 0.994019 0.219606
-0.065491 -0.003906 0.992859 0.222791
-0.065552 -0.002991 0.999634 0.226472
-0.066895 -0.005920 0.991272 0.229673
-0.063843 -0.003235 0.999268 0.232853
-0.062195 -0.006714 0.992615 0.236150
-0.058655 -0.004822 0.995667 0.239281
-0.064392 0.006775 0.998657 0.242842
-0.069641 0.001038 1.002441 0.246340
-0.065918 -0.006409 0.999756 0.249882
-0.057495 -0.002319 0.994080 0.253236
-0.063416 -0.005371 0.987122 0.256366
-0.066895 -0.007812 0.994019 0.259971
-0.061951 -0.001831 0.996399 0.263183
-0.057983 -0.004395 0.995972 0.266410
-0.061707 -0.002441 0.987976 0.269506
-0.072205 0.000732 0.998596 0.272627
-0.058716 -0.005005 0.993530 0.275746
-0.055176 -0.002197 1.005798 0.279201
-0.068237 -0.003357 0.989136 0.282938
-0.062744 -0.001404 0.991516 0.286175
-0.061768 -0.002075 0.997375 0.289312
-0.063782 -0.001465 0.991760 0.292526
-0.065979 -0.005005 0.994202 0.295683
-0.066101 -0.001404 1.002136 0.298960
-0.054321 -0.005249 1.002869 0.302154
-0.065186 -0.009521 1.003967 0.305272
-0.055298 -0.001160 1.003845 0.308543
-0.059875 -0.001526 0.996338 0.312319
-0.059448 -0.012451 0.994141 0.316046
-0.065430 0.003967 0.994385 0.319258
-0.061584 -0.007324 0.992676 0.322411
-0.057617 -0.011475 0.991272 0.325592
-0.061096 0.002747 0.996338 0.328713
-0.060120 0.000610 0.993652 0.331837
-0.065857 -0.003906 0.991150 0.334998
-0.063049 -0.001343 0.999878 0.338152
-0.064941 0.000610 0.998047 0.341516
-0.062744 0.003357 0.992004 0.345052
-0.061890 -0.002136 1.005798 0.348614
-0.066162 0.002747 1.004211 0.351748
-0.061646 0.006042 0.991638 0.354847
-0.061279 0.007629 0.992371 0.358049
-0.071899 -0.002869 0.998413 0.361219
-0.067749 -0.002991 1.004517 0.364351
-0.068298 -0.003235 1.000793 0.367474
-0.056152 -0.001343 0.999939 0.370637
-0.061218 -0.003174 0.999939 0.374036
-0.063599 -0.007751 0.997498 0.377683
-0.066589 -0.002625 0.989929 0.380908
-0.060852 -0.002808 1.001038 0.384042
-0.067993 -0.008911 0.992859 0.387214
-0.059692 -0.001343 0.997620 0.390361
-0.068787 -0.000854 1.003601 0.393509
-0.072632 -0.003418 0.990845 0.396681
-0.064636 -0.005127 0.998901 0.399822
-0.062195 -0.007690 0.989624 0.403088
-0.055847 -0.005005 0.999451 0.406555
-0.059753 -0.000061 1.000000 0.410183
-0.063354 -0.005737 0.994568 0.413364
-0.057556 -0.004211 1.000183 0.416532
-0.062439 0.002991 0.998901 0.419720
-0.066467 -0.002686 1.002563 0.422880
-0.060669 -0.003235 0.994202 0.426101
-0.064758 -0.005371 0.994263 0.429312
-0.063477 -0.000122 1.001709 0.432371
-0.071350 0.001648 0.993896 0.435769
-0.064087 -0.009277 0.997742 0.439349
-0.066406 0.001709 1.001160 0.442806
-0.069214 0.002930 1.003601 0.445915
-0.051819 -0.002014 0.993896 0.449063
-0.065674 -0.015320 1.000793 0.452175
-0.075439 0.002075 0.991455 0.455268
-0.056213 -0.002075 0.994568 0.458446
-0.065125 -0.005737 1.001831 0.461539
-0.058960 -0.003357 0.995789 0.465060
-0.069153 0.005005 0.992798 0.468467
-0.057434 -0.000977 1.006836 0.471951
-0.059265 -0.008972 0.992554 0.475685
-0.068726 -0.007019 0.994080 0.479193
-0.070679 0.002075 0.994324 0.482337
-0.058044 -0.002686 0.990906 0.485474
-0.063416 0.007446 0.981934 0.488522
-0.070435 -0.000977 0.989624 0.491738
-0.066589 -0.001404 0.989746 0.494937
-0.059204 -0.008545 0.995056 0.498149
-0.059021 0.001892 1.008606 0.501293
-0.069458 -0.000488 1.008057 0.504732
-0.063538 0.000610 0.996155 0.508347
-0.057617 -0.001953 0.995361 0.511600
-0.069153 0.000427 0.994934 0.514706
-0.066956 -0.000977 0.990662 0.517859
-0.059753 -0.005005 0.998962 0.521030
-0.063782 -0.003906 1.002869 0.524577
-0.068726 0.003418 0.998291 0.527854
-0.066284 -0.000610 1.003052 0.531047
-0.070801 -0.001831 0.998718 0.534316
-0.066528 0.002441 0.998413 0.538133
-0.073486 0.002991 0.991333 0.541952
-0.061340 -0.002380 0.986267 0.545194
-0.058105 -0.000305 0.990173 0.548364
-0.062134 -0.007202 0.998535 0.551510
-0.064331 -0.008118 0.993408 0.554586
-0.062866 -0.010071 1.003174 0.557804
-0.059570 0.006592 0.999939 0.560955
-0.061768 -0.006226 0.996033 0.564097
-0.063354 -0.002441 0.998840 0.567572
-0.066956 0.001770 0.992493 0.571124
-0.061951 -0.002075 1.000977 0.574588
-0.058716 -0.005981 1.003967 0.577761
-0.060547 0.000427 0.996643 0.580908
-0.061890 0.000732 0.995789 0.584048
-0.063293 -0.001526 0.997620 0.587186
-0.071411 -0.006958 0.999023 0.590297
-0.058167 0.002563 0.993286 0.593431
-0.064880 -0.003418 0.994141 0.596584
-0.063721 -0.004456 0.994141 0.599997
-0.062683 0.000671 0.995605 0.603678
-0.057129 -0.009338 0.997986 0.606872
-0.063049 -0.008362 0.988281 0.610050
-0.059631 0.005371 0.986511 0.613145
-0.064209 -0.007385 0.994751 0.616261
-0.067200 -0.007935 0.989136 0.619406
-0.061768 -0.006042 0.993530 0.622522
-0.061279 -0.004517 1.001770 0.625637
-0.052612 -0.007751 1.003296 0.628849
-0.072021 -0.011292 1.013123 0.632771
0.000000 0.000000 0.000000 0.636275
-0.054199 -0.003052 0.999695 0.639512
-0.063354 -0.004822 1.002563 0.643071
-0.070740 -0.002991 0.984009 0.646270
-0.072815 -0.001404 0.990906 0.649418
-0.054321 -0.007507 0.994385 0.652684
-0.069336 -0.000122 1.004517 0.655857
-0.062683 -0.009399 1.002930 0.659122
-0.062866 -0.002502 1.006958 0.662598
-0.069580 -0.005615 1.012390 0.666050
-0.060181 -0.002136 0.997620 0.669204
-0.073730 0.000610 0.992188 0.672379
-0.061035 0.004395 0.996094 0.675973
-0.055908 -0.003784 0.990723 0.679171
-0.068298 0.005432 0.989258 0.682269
-0.064209 -0.002625 0.996277 0.685400
-0.067261 -0.007874 1.000977 0.688542
-0.068604 -0.008972 1.010376 0.691889
-0.073730 -0.002075 1.002258 0.695717
-0.066284 -0.000732 1.003784 0.699323
-0.059875 -0.007507 0.996399 0.702525
-0.059692 0.002258 0.985718 0.705639
-0.060120 -0.002869 0.986633 0.708857
-0.067627 -0.004944 0.996155 0.711962
-0.058472 -0.004456 0.998413 0.715489
-0.060120 -0.004578 1.000305 0.718912
-0.063110 -0.004944 1.012756 0.722424
-0.063721 0.001465 1.006470 0.725853
-0.063171 0.000549 0.999023 0.729507
-0.060791 -0.003113 0.994141 0.732734
-0.058289 0.005371 0.993286 0.735849
-0.062866 0.000061 0.995789 0.738918
-0.057007 -0.001892 0.997498 0.742112
-0.067322 -0.001160 1.003845 0.745243
-0.060791 0.000061 0.998108 0.748338
-0.056763 -0.001709 0.993835 0.751446
-0.064758 -0.012268 0.997620 0.754707
-0.061279 -0.002869 0.993652 0.758613
-0.066223 -0.002319 0.997620 0.762441
-0.063721 -0.003906 1.001404 0.765634
-0.062317 0.016602 0.991699 0.768759
-0.066101 0.003662 0.994812 0.771878
-0.072449 0.000793 1.000488 0.775030
-0.062805 -0.002869 0.995422 0.778291
-0.061707 -0.005676 0.994629 0.781937
-0.061279 -0.009827 1.002625 0.785147
-0.070496 0.006836 0.985535 0.788486
-0.061279 -0.006348 0.989380 0.792175
-0.051819 -0.003418 0.997681 0.795422
-0.072327 -0.004089 1.002441 0.798587
-0.057617 -0.012329 0.999023 0.801709
-0.065613 -0.003845 1.000366 0.804826
-0.063599 -0.009827 0.995056 0.807988
-0.053284 -0.003723 0.995728 0.811147
-0.061523 0.005127 0.988647 0.814219
-0.061340 0.004150 0.987000 0.817417
-0.057617 -0.008606 0.994873 0.821359
-0.065979 0.001343 1.003662 0.824881
-0.063904 -0.012939 1.004761 0.828116
-0.072327 -0.008118 1.005615 0.831246
-0.055969 -0.007202 1.008545 0.834393
-0.064331 0.000061 0.999268 0.837479
-0.061035 0.001221 0.997681 0.840581
-0.061951 -0.006775 0.992615 0.843776
-0.059875 -0.002319 0.998108 0.846915
-0.058960 -0.000061 0.998108 0.850346
-0.069763 -0.000916 1.000610 0.854301
-0.075195 -0.001831 1.005493 0.857579
-0.065063 0.001770 0.999634 0.860737
-0.065186 0.005066 0.997620 0.863837
-0.063171 -0.003906 0.993225 0.866912
-0.067749 0.000000 0.981140 0.870027
-0.067444 0.001160 0.988892 0.873113
-0.062256 0.000183 0.998535 0.876228
-0.064209 -0.005615 0.988220 0.879365
-0.059387 -0.005981 0.996887 0.882767
-0.057922 -0.009705 1.005310 0.886530
-0.066589 -0.007263 1.002319 0.889734
-0.067017 -0.004822 1.002136 0.893271
-0.064148 -0.009338 0.992371 0.896499
-0.062195 0.001343 0.988403 0.899639
-0.062134 -0.003967 0.988037 0.902787
-0.067017 -0.001587 0.995850 0.905945
-0.057861 -0.003174 0.996948 0.909159
-0.065125 0.000610 0.998352 0.912393
-0.063110 -0.005920 0.993469 0.916262
-0.063965 -0.004028 1.001953 0.919820
-0.056396 -0.002808 1.000244 0.923152
-0.064209 -0.004578 0.991699 0.926795
-0.066772 0.003662 0.992188 0.929947
-0.066162 0.002625 0.988647 0.933094
-0.065430 -0.002136 0.997742 0.936261
-0.066101 -0.001953 1.002991 0.939568
-0.063416 0.000305 0.999573 0.942900
-0.065002 0.005432 1.005737 0.946341
-0.063232 0.000610 1.001831 0.949692
-0.071167 0.001221 0.993713 0.952828
-0.054077 -0.004517 0.996643 0.956077
-0.060730 -0.005310 0.998047 0.959736
-0.062012 -0.009521 0.989746 0.962975
-0.069519 -0.002136 0.995300 0.966159
-0.061096 -0.001038 1.011108 0.969301
-0.069580 -0.001282 0.994629 0.972600
-0.064026 -0.002136 0.998901 0.976347
-0.061218 -0.003174 0.999207 0.979767
-0.062500 0.002380 0.990723 0.983057
-0.061279 -0.003906 0.990479 0.986219
-0.061157 -0.004639 0.991333 0.989457
-0.065125 -0.005432 0.999695 0.992964
-0.071350 -0.006653 1.002625 0.996228
-0.061340 0.001099 0.991394 0.999306
-0.068848 0.002930 1.004150 1.002374
-0.060669 -0.005310 1.008667 1.005670
-0.065857 0.000977 0.995300 1.009508
-0.058960 0.000305 0.995544 1.013042
-0.067566 0.001404 0.993713 1.016468
-0.057007 -0.005005 0.993713 1.019628
-0.057068 -0.001526 0.996460 1.022757
-0.062134 -0.002991 1.004089 1.026291
-0.072571 -0.006592 0.998230 1.029536
-0.061157 -0.002197 1.007690 1.032674
-0.060974 -0.006104 0.998901 1.035970
-0.056091 0.003601 0.998413 1.039143
-0.060974 -0.005554 1.002319 1.043029
-0.057434 -0.003967 0.984009 1.046522
-0.067749 -0.000427 0.989258 1.049683
-0.072937 -0.003235 0.992798 1.052952
-0.060120 -0.001343 0.991394 1.056098
-0.067017 0.001038 0.998474 1.059662
-0.057007 0.001038 0.997925 1.062854
-0.060303 -0.008240 0.996948 1.066058
-0.063782 -0.003113 0.994507 1.069309
-0.060181 -0.006653 0.995056 1.072654
-0.068115 0.001587 1.002441 1.076311
-0.064453 0.002014 0.991760 1.079798
-0.057617 -0.003967 0.997925 1.082992
-0.062439 -0.001709 0.997437 1.086188
-0.058411 -0.002869 0.987854 1.089330
-0.064758 0.000427 0.990845 1.092900
-0.057190 -0.007935 0.989990 1.096176
-0.066772 0.001953 0.996338 1.099456
-0.062317 -0.002319 0.991516 1.102775
-0.062622 0.001709 0.993103 1.106195
-0.063843 -0.002930 0.999146 1.110096
-0.066040 -0.005554 0.994873 1.114070
-0.058167 -0.000061 0.997864 1.117330
-0.063293 -0.004639 1.004150 1.120522
-0.058716 -0.003052 1.003235 1.123771
-0.068787 0.003784 0.997009 1.127256
-0.061462 -0.005920 0.988220 1.130645
-0.056641 -0.000916 0.995117 1.133951
-0.061707 -0.005127 0.995972 1.139939
-0.055847 0.006714 1.003296 1.143892
-0.074036 -0.003540 0.996582 1.147765
-0.064819 -0.006226 0.998474 1.151098
-0.062744 0.001709 0.996643 1.154399
-0.061096 -0.002258 0.990417 1.157667
-0.068665 0.003113 0.996094 1.161017
-0.062500 -0.004822 0.980347 1.164182
-0.058716 -0.002686 1.001404 1.170032
-0.059631 -0.001587 0.998352 1.173693
-0.064636 -0.006104 0.995056 1.177521
-0.060181 -0.006836 1.004150 1.180922
-0.065552 -0.001587 0.994568 1.184042
-0.068726 -0.004089 0.992981 1.187307
-0.061035 -0.005493 0.990295 1.190651
-0.055542 0.005127 0.989929 1.193967
-0.065063 -0.002319 0.999939 1.197285
-0.061462 -0.003052 0.996704 1.200634
-0.069458 0.005676 0.993103 1.204283
-0.061462 -0.001221 0.993469 1.207531
-0.063110 -0.003052 0.994202 1.210694
-0.065979 -0.009277 0.991272 1.213906
-0.068176 0.001404 0.991333 1.217031
-0.060303 -0.004822 0.997925 1.220181
-0.065063 0.002991 0.997314 1.223299
-0.069824 -0.000183 1.001648 1.226413
-0.066833 0.006165 1.000122 1.230071
-0.060364 -0.002075 0.995422 1.233644
-0.074890 -0.010010 1.005920 1.237159
-0.064941 -0.004456 0.991333 1.240327
-0.059692 -0.003235 0.990540 1.243906
-0.055786 0.003967 0.997864 1.247066
-0.065918 -0.002258 1.001404 1.250225
-0.061096 0.001160 0.996643 1.253282
-0.068909 0.000427 0.999817 1.256420
-0.068420 -0.006958 0.995728 1.259594
-0.055481 -0.002686 0.995850 1.262979
-0.060547 -0.005554 0.998047 1.266773
-0.064270 -0.004150 0.990967 1.270103
-0.065857 -0.002441 0.998657 1.273232
-0.064514 -0.000244 0.994690 1.276396
-0.063965 -0.004028 1.001526 1.279519
-0.058105 0.002380 0.992188 1.282604
-0.065796 -0.002380 0.986816 1.285712
-0.058960 -0.003723 0.995544 1.288768
-0.065491 -0.006958 1.001404 1.292474
-0.072754 0.002563 0.998169 1.295915
-0.062256 -0.004822 0.994568 1.299385
-0.063354 0.001526 1.004211 1.302555
-0.066650 -0.005615 0.999573 1.305674
-0.064087 0.002502 0.989441 1.309172
-0.065063 -0.002380 0.997498 1.312413
-0.065918 -0.003784 0.993958 1.315571
-0.061584 -0.010193 1.004028 1.318718
-0.065369 -0.005859 0.995056 1.321847
-0.054565 -0.012390 0.996460 1.325179
-0.061279 0.001831 0.999573 1.329069
-0.058472 -0.002625 0.990234 1.332678
-0.060120 -0.003296 0.992432 1.335837
-0.073547 -0.002136 0.990662 1.338965
-0.071106 -0.001221 1.001343 1.342195
-0.054749 0.003723 0.995117 1.345284
-0.063660 -0.004639 1.000427 1.348448
-0.060608 0.005554 1.004822 1.351550
-0.058594 -0.008057 0.994751 1.354676
-0.065674 -0.000671 0.990845 1.358092
-0.072144 -0.004883 1.004089 1.362088
-0.060791 0.005920 1.001953 1.365320
-0.066711 0.001831 0.998047 1.368389
-0.061890 -0.010681 0.993103 1.371504
-0.059265 -0.000732 0.990662 1.374682
-0.065430 -0.007568 1.003296 1.377822
-0.064331 -0.004272 0.996399 1.380966
-0.065491 -0.008606 1.001404 1.384082
-0.070129 -0.002563 0.995483 1.387151
-0.066772 -0.007324 0.988770 1.390471
-0.070923 0.002808 0.990662 1.394175
-0.060791 0.003052 0.998779 1.397372
-0.071655 0.001343 1.003113 1.400525
-0.062988 0.003906 0.986572 1.403639
-0.069336 -0.002747 1.004456 1.406769
-0.069031 -0.008179 1.002869 1.409946
-0.062378 -0.004150 0.997803 1.413072
-0.062439 -0.003845 0.990173 1.416243
-0.065247 -0.003235 0.994202 1.419453
-0.067749 0.002441 0.991882 1.423369
-0.069824 -0.004089 0.998291 1.426943
-0.056946 -0.002136 0.988342 1.430160
-0.069824 0.001404 0.995789 1.433312
-0.064331 -0.001282 0.997192 1.436453
-0.062927 -0.006409 0.997253 1.439619
-0.063721 -0.006653 0.988403 1.442808
-0.065247 0.000061 0.997986 1.446240
-0.065857 -0.000244 0.987305 1.449420
-0.052734 -0.003113 0.995056 1.452853
-0.054932 0.002441 0.993713 1.456437
-0.057312 -0.005127 0.993103 1.459655
-0.064087 0.003174 0.997681 1.462808
-0.064270 -0.001648 1.001404 1.465941
-0.065247 -0.004028 0.994629 1.469076
-0.059143 0.000000 0.994263 1.472157
-0.064087 -0.003784 0.999207 1.475312
-0.060059 -0.003052 1.006531 1.478467
-0.069885 0.000427 0.994141 1.481672
-0.054382 -0.001770 0.991272 1.485523
-0.064453 0.000610 1.000305 1.489078
-0.067444 -0.003357 0.997864 1.492302
-0.066223 0.000977 0.988892 1.495442
-0.057922 0.005005 0.985046 1.498542
-0.063477 -0.003723 0.996826 1.501654
-0.065002 -0.001831 1.006348 1.504762
-0.060852 0.001221 0.995728 1.507845
-0.063354 0.004944 0.992981 1.510886
-0.057861 0.008728 0.993347 1.514254
-0.067261 0.000916 0.998962 1.518004
-0.067993 -0.006287 0.995239 1.521340
-0.055725 0.001526 0.993103 1.524489
-0.061768 0.001526 0.998901 1.527622
-0.059265 -0.009583 0.994873 1.530771
-0.064331 -0.003601 1.001099 1.533921
-0.053711 -0.008057 0.999451 1.537055
-0.064636 0.001099 0.986755 1.540143
-0.067688 -0.007812 1.000366 1.543267
-0.060852 -0.003784 0.988647 1.546648
-0.062683 0.002258 1.003906 1.550323
-0.065552 0.001526 0.993103 1.553691
-0.059998 -0.004333 0.991394 1.556858
-0.062866 0.003418 0.989014 1.560371
-0.059875 -0.001648 0.998291 1.563693
-0.062378 -0.005737 1.000366 1.566849
-0.065796 -0.005981 0.993896 1.569930
-0.055298 -0.009033 0.994324 1.573106
-0.060791 0.004456 0.995544 1.576843
-0.061890 -0.000244 0.990845 1.580469
-0.073975 -0.009338 0.997253 1.583921
-0.063232 -0.000488 0.997070 1.587073
-0.060608 -0.005005 1.007019 1.590194
-0.066589 0.002625 0.991089 1.593847
-0.062927 0.000488 1.001831 1.597166
-0.062195 0.000671 1.001099 1.600295
-0.059875 0.001343 1.004578 1.603438
-0.061462 -0.002808 0.990845 1.606574
-0.056213 -0.001892 0.995483 1.610625
-0.061646 0.004517 0.988831 1.614142
-0.063171 0.003296 1.000916 1.617281
-0.059204 -0.008545 0.995239 1.620432
-0.060852 0.001953 0.996643 1.623482
-0.058838 -0.007690 0.992310 1.627072
-0.064026 -0.002991 0.995544 1.630404
-0.056641 -0.003784 0.989258 1.633553
-0.076294 0.001709 0.994446 1.636667
-0.063049 -0.002136 1.002869 1.640064
-0.067261 -0.002686 0.996033 1.643712
-0.067810 -0.003723 0.993835 1.647144
-0.057068 0.001465 0.991821 1.650301
-0.048340 -0.001465 0.991577 1.653447
-0.063599 -0.007935 0.998413 1.656663
-0.058228 0.002014 0.996216 1.660107
-0.066467 -0.002075 1.002258 1.663366
-0.060608 -0.005554 1.003235 1.666548
-0.070923 -0.007507 0.999512 1.669657
-0.056946 0.001160 0.997009 1.673141
-0.061279 0.002502 0.990112 1.676960
-0.066345 -0.003174 0.994812 1.680444
-0.061523 0.002441 0.995972 1.683586
-0.060547 -0.000610 0.998108 1.686729
-0.061401 0.002441 0.993835 1.689855
-0.068909 -0.000977 0.999390 1.692988
-0.063782 -0.003052 0.997925 1.696130
-0.061462 0.003967 0.988525 1.699221
-0.055847 -0.003357 1.004089 1.702331
-0.054443 -0.003418 0.996338 1.705754
-0.060730 0.002380 0.994690 1.709589
-0.066162 -0.005127 1.001709 1.712891
-0.060913 0.006042 0.997681 1.716003
-0.064880 0.003662 0.990479 1.719096
-0.063904 0.005676 0.992676 1.722182
-0.060425 -0.005920 0.989685 1.725368
-0.061340 -0.007080 0.996277 1.728504
-0.065918 0.000854 0.993958 1.731555
-0.069641 -0.000061 1.005676 1.734712
-0.060364 0.002502 0.994629 1.738141
-0.058044 0.002991 0.993713 1.741818
-0.061279 0.007019 0.989868 1.745039
-0.062683 -0.007080 0.993652 1.748139
-0.055115 -0.003479 0.996338 1.751290
-0.064331 0.001160 0.991821 1.754347
-0.063721 0.005249 0.999329 1.757514
-0.066956 -0.002441 1.000244 1.760670
-0.059753 0.000366 0.994385 1.763809
-0.059875 0.005676 1.001221 1.766976
-0.067200 0.004761 0.985779 1.770724
-0.063293 -0.005310 0.998718 1.774329
-0.061218 -0.001587 1.003662 1.777581
-0.066223 -0.000549 0.997681 1.780725
-0.060608 0.002319 0.997009 1.783849
-0.071411 -0.004822 0.995667 1.786964
-0.057068 0.003113 1.000488 1.790096
-0.072876 -0.001343 0.997986 1.793290
-0.061218 0.000183 0.993896 1.796411
-0.055359 -0.000305 1.001831 1.799809
-0.075073 0.000854 0.992432 1.803576
-0.066650 0.000488 0.987244 1.806862
-0.056396 -0.007874 0.997559 1.810051
-0.055786 -0.011658 0.997498 1.813207
-0.060242 0.000916 1.010986 1.816263
-0.065063 -0.003540 0.990601 1.819401
-0.066528 0.000732 0.996399 1.822511
-0.058472 -0.002319 1.001038 1.825620
-0.058472 0.000305 0.996826 1.828719
-0.064941 -0.006714 0.988953 1.832122
-0.060242 -0.000793 0.999939 1.835803
-0.068115 -0.003235 0.997314 1.839063
-0.065308 0.006104 0.998108 1.842210
-0.064636 -0.008911 0.991699 1.845387
-0.065308 -0.004150 0.994934 1.848445
-0.062927 -0.001343 0.999512 1.851579
-0.067200 0.002075 1.005249 1.854708
-0.062744 -0.002869 0.988159 1.857848
-0.065125 0.002258 0.995483 1.861081
-0.064880 -0.005310 0.999023 1.864942
-0.065674 -0.005859 1.000549 1.868570
-0.064514 -0.001770 0.996094 1.871806
-0.061401 -0.004272 0.998413 1.874976
-0.060242 0.008057 0.995911 1.878148
-0.056519 -0.003662 1.005859 1.881288
-0.058716 0.000732 0.995728 1.884396
-0.066345 -0.002502 1.001587 1.887508
-0.060547 -0.000427 0.996643 1.890562
-0.060974 -0.000061 0.997437 1.893965
-0.058350 0.001648 1.003174 1.897503
-0.068298 -0.002075 1.000977 1.900871
-0.059509 0.001404 0.990662 1.903956
-0.051636 -0.004456 0.994751 1.907093
-0.063599 0.002136 0.990173 1.910242
-0.062927 0.000793 0.995789 1.913347
-0.064636 -0.002136 0.994629 1.916457
-0.060913 0.002502 0.992859 1.919564
-0.064941 0.003784 0.991333 1.922670
-0.055542 -0.005676 0.994629 1.926126
-0.072388 -0.001038 0.995972 1.929973
-0.060242 0.005920 1.002075 1.933238
-0.062927 -0.001648 0.990479 1.936399
-0.060364 0.004456 0.996399 1.939489
-0.071167 -0.011475 0.994995 1.942673
-0.070129 -0.003174 0.991211 1.945830
-0.061829 0.000427 0.995850 1.948937
-0.062561 0.001892 0.987366 1.952067
-0.064636 0.008606 0.998413 1.955194
-0.064758 0.000854 0.992859 1.958604
-0.063599 -0.006836 0.991089 1.962279
-0.057129 -0.008728 0.998657 1.965532
-0.056885 -0.007629 0.990906 1.968662
-0.063843 -0.000061 1.002136 1.971744
-0.066650 -0.002991 0.993408 1.974926
-0.066101 -0.001038 1.000671 1.978107
-0.061523 0.003967 0.991943 1.981196
-0.063843 0.000610 0.995056 1.984281
-0.063171 -0.000305 0.995422 1.987542
-0.067810 -0.002258 0.993347 1.991411
-0.066223 0.002136 1.001282 1.994963
-0.062195 -0.001648 0.996765 1.998150
-0.058960 0.002075 0.996338 2.001184
-0.066895 -0.004272 0.998291 2.004348
-0.055298 -0.003113 0.998840 2.007532
-0.067017 -0.004944 0.989929 2.010711
-0.066467 -0.001404 0.990784 2.013837
-0.068604 -0.005798 0.996826 2.016948
-0.058533 -0.000122 0.995911 2.020341
-0.075195 -0.002014 1.000732 2.024048
-0.062744 -0.003540 1.003052 2.027357
-0.062866 -0.002808 0.995728 2.030535
-0.061157 -0.004456 0.992676 2.033674
-0.070984 -0.002319 0.996155 2.036786
-0.068359 -0.004211 0.983093 2.039881
-0.063904 0.002441 0.991272 2.043027
-0.062744 -0.004333 0.996460 2.046155
-0.066101 -0.002686 0.996460 2.049282
-0.065613 0.000122 1.005371 2.052623
-0.067078 -0.002258 1.004517 2.056309
-0.067932 -0.001709 0.999878 2.059540
-0.061340 -0.002625 0.996582 2.062691
-0.067566 0.002991 0.994873 2.065813
-0.064453 0.000427 0.999634 2.068916
-0.063293 -0.009399 0.989929 2.072045
-0.059631 -0.004333 1.002197 2.075230
-0.069763 0.001648 0.997742 2.078337
-0.064758 -0.005676 1.007202 2.081569
-0.069275 -0.004944 0.995850 2.085415
-0.060730 -0.006531 0.999695 2.088991
-0.063721 -0.002625 0.988831 2.092262
-0.059570 -0.001404 0.984253 2.095430
-0.066223 0.001343 0.991882 2.098551
-0.062927 -0.008911 0.997864 2.101680
-0.071777 -0.000610 0.995056 2.104787
-0.066406 0.007935 1.001038 2.107845
-0.048157 -0.003113 0.996826 2.110950
-0.059937 -0.007019 0.984192 2.114473
-0.069519 -0.002380 0.995361 2.118142
-0.057129 -0.000916 0.991211 2.121628
-0.072266 -0.011108 0.994751 2.124857
-0.069580 -0.009155 1.000793 2.127955
-0.070374 0.003296 0.991272 2.131083
-0.060608 -0.006409 0.988892 2.134193
-0.065308 0.003052 0.996765 2.137267
-0.056641 0.001343 0.981323 2.140347
-0.077271 -0.007141 0.998474 2.143487
-0.055786 -0.004272 0.990417 2.146855
-0.069397 -0.007935 1.003296 2.150610
-0.068848 -0.005798 0.999634 2.154186
-0.058960 0.006897 1.009949 2.157328
-0.053589 -0.001404 0.994141 2.160502
-0.066772 -0.007568 0.990479 2.163665
-0.061829 -0.004822 0.988220 2.166821
-0.062439 -0.002441 1.000610 2.169920
-0.054443 -0.002136 0.994324 2.173064
-0.072327 -0.003296 0.997986 2.176451
-0.066101 -0.002808 1.002319 2.179869
-0.060608 -0.000427 0.993347 2.183540
-0.060120 -0.008667 0.999695 2.186710
-0.056519 -0.000488 0.986938 2.189860
-0.062317 0.004700 0.986145 2.193120
-0.053528 -0.001343 0.988464 2.196267
-0.063110 -0.004395 0.999207 2.199390
-0.063965 -0.002625 0.997314 2.202554
-0.058716 -0.004456 0.992249 2.205619
-0.070007 -0.003845 1.005005 2.208877
-0.068481 0.000549 0.997559 2.212792
-0.063721 -0.000488 0.999268 2.216367
-0.056946 -0.000854 0.996460 2.219536
-0.060364 -0.007141 0.999634 2.222663
-0.066895 0.000854 0.996216 2.225881
-0.063171 0.002197 0.996948 2.229043
-0.057251 0.003052 0.995911 2.232158
-0.060364 -0.003540 1.003174 2.235323
-0.063843 -0.003723 0.997253 2.238399
-0.067871 0.002258 1.001953 2.241814
-0.061279 -0.001709 1.000366 2.245367
-0.072083 -0.002869 0.993774 2.248783
-0.054688 -0.003052 0.995667 2.252075
-0.063354 -0.005981 0.997253 2.255194
-0.060608 -0.005981 0.998596 2.258777
-0.065247 -0.000610 0.989746 2.262039
-0.062317 0.000061 0.998840 2.265209
-0.059387 -0.000366 0.989136 2.268516
-0.051270 0.002441 0.986267 2.271589
-0.057434 -0.002441 1.000977 2.275002
-0.064819 -0.005310 0.998596 2.278414
-0.053467 0.001099 1.005615 2.281564
-0.062683 0.001709 0.998596 2.284777
-0.066833 -0.001343 1.000793 2.287865
-0.057190 -0.001343 0.988892 2.291532
-0.066650 -0.001709 0.996094 2.294902
-0.064819 -0.000977 1.000427 2.298066
-0.062927 -0.001404 0.996033 2.301327
-0.068237 -0.000244 0.989746 2.304574
-0.062256 0.002380 0.992676 2.308408
-0.065063 0.005127 0.994019 2.312019
-0.062073 0.007629 0.997559 2.315283
-0.068481 -0.004272 1.000061 2.318431
-0.069458 -0.001282 0.987122 2.321592
-0.063660 -0.000305 0.998535 2.325384
-0.065674 -0.002258 0.996338 2.328707
-0.055847 -0.002808 0.986633 2.332001
-0.064514 0.000610 0.999939 2.335149
-0.062317 -0.002014 0.996460 2.338562
-0.060547 -0.005554 1.002258 2.342268
-0.056702 -0.001465 1.009033 2.345508
-0.054504 -0.005554 0.993652 2.348800
-0.061584 -0.005798 0.989807 2.351986
-0.062500 -0.007812 0.996094 2.355131
-0.064636 -0.013855 0.999878 2.358689
-0.062866 -0.000854 0.993958 2.361904
-0.056885 -0.000549 0.995850 2.365203
-0.058960 -0.006409 0.991028 2.368638
-0.061340 -0.000610 0.997681 2.372124
-0.060120 0.000610 0.998596 2.375658
-0.057922 -0.006042 1.004333 2.378917
-0.067444 -0.000427 1.004700 2.382220
-0.066162 -0.009155 1.002869 2.385370
-0.060425 0.001404 0.997131 2.388458
-0.059387 -0.002991 0.996155 2.391922
-0.057617 -0.002014 0.985657 2.395269
-0.056580 0.010925 0.978271 2.398572
-0.056885 -0.011475 0.991272 2.402586
-0.068542 0.000427 0.988831 2.405759
