grav grav grav sec/n-0.070801 -0.002136 0.999512 0.004153
-0.066528 0.000122 1.002747 0.007346
-0.061279 -0.001221 0.999634 0.010905
-0.061340 0.000977 0.993469 0.015198
-0.067200 -0.004944 0.995117 0.019363
-0.067078 -0.000793 0.996826 0.023124
-0.059082 0.000366 0.995239 0.027154
-0.061157 -0.002380 0.992554 0.031990
-0.057861 -0.003906 1.000366 0.035537
-0.069458 -0.008423 0.997375 0.039277
-0.061218 -0.004761 0.990845 0.042768
-0.062683 0.000793 0.989441 0.046664
-0.064331 0.000916 0.992676 0.050141
-0.066040 -0.006226 0.997742 0.053616
-0.051208 -0.000427 0.999023 0.057082
-0.062622 -0.006348 0.998779 0.060849
-0.067322 -0.005493 1.002380 0.064981
-0.054932 -0.011536 0.996948 0.068432
-0.064392 -0.001465 0.998596 0.071814
-0.068298 -0.004089 1.001099 0.075156
-0.060303 0.000977 0.995605 0.079427
-0.069824 0.000916 0.995544 0.083184
-0.065308 0.007019 1.007874 0.086757
-0.060242 -0.007996 1.001709 0.090946
-0.058777 -0.003418 1.001282 0.095773
-0.063293 -0.002075 0.999451 0.099577
-0.060730 -0.001099 0.998474 0.103290
-0.069031 0.000610 0.997009 0.107044
-0.064392 -0.007019 0.995911 0.111981
-0.066650 -0.000427 1.004883 0.115972
-0.065308 0.003296 1.001038 0.119730
-0.061401 -0.002441 1.004395 0.123639
-0.062256 -0.002502 0.989990 0.129251
-0.064026 0.000732 0.988770 0.133599
-0.069336 0.001526 0.991699 0.137296
-0.067200 -0.004639 0.989685 0.141359
-0.059570 -0.002441 0.998779 0.147204
-0.064270 -0.005310 0.991943 0.151279
-0.064209 -0.002441 0.990234 0.155542
-0.059937 -0.001282 1.000488 0.159973
-0.061768 -0.003784 0.985229 0.164610
-0.072021 -0.000061 0.992249 0.168516
-0.059937 0.003784 0.979858 0.172252
-0.057312 -0.003479 0.990784 0.176951
-0.064331 -0.004761 0.995483 0.182647
-0.068970 -0.005615 0.997437 0.186488
-0.063171 0.000854 0.998596 0.189784
-0.060303 -0.000183 0.997131 0.193615
-0.066833 -0.007568 0.996521 0.197607
-0.062134 -0.006470 0.995483 0.201225
-0.059753 -0.002808 0.995911 0.204700
-0.066650 -0.006104 0.999268 0.208143
-0.061401 0.006409 1.000366 0.212136
-0.068115 -0.002808 1.003418 0.216026
-0.066589 0.006592 1.000671 0.219449
-0.063904 -0.003540 1.004089 0.222907
-0.062927 -0.001953 0.989990 0.226452
-0.063110 0.000061 0.990784 0.230493
-0.062866 -0.003418 0.990540 0.234017
-0.072632 -0.002625 0.996338 0.237874
-0.061279 -0.002808 0.995239 0.241427
-0.068237 -0.004761 1.006165 0.246185
-0.062866 -0.000366 0.998169 0.249942
-0.068970 0.010071 0.987976 0.253631
-0.060364 0.007812 1.000305 0.257249
-0.068787 0.002563 0.999756 0.260892
-0.064148 -0.002563 0.987366 0.264622
-0.068359 -0.004517 1.003662 0.268148
-0.065247 -0.004639 0.994934 0.272366
-0.061890 -0.001465 0.994751 0.277410
-0.062134 -0.004944 0.997620 0.281395
-0.056030 0.001648 0.990723 0.285029
-0.062561 -0.001465 0.988098 0.288412
-0.065369 0.000549 0.994385 0.291764
-0.063721 -0.000183 0.995911 0.295163
-0.070068 -0.003967 1.000793 0.298571
-0.064087 0.000061 0.995728 0.301950
-0.060242 0.005737 0.988647 0.305430
-0.064148 -0.002502 0.988586 0.308800
-0.067932 -0.000244 0.994385 0.312236
-0.070923 -0.000610 1.003174 0.316077
-0.059265 0.002930 0.998535 0.319550
-0.070984 -0.002686 0.997070 0.323184
-0.066589 -0.001892 0.989868 0.326830
-0.055481 0.000244 0.998169 0.330494
-0.065430 -0.012085 1.004395 0.334194
-0.066589 -0.001404 0.987427 0.337783
-0.059814 0.000916 1.008362 0.341350
-0.061951 -0.000244 0.998596 0.344969
-0.070129 -0.004395 1.003479 0.348970
-0.063599 -0.003906 0.991394 0.353649
-0.061035 -0.000488 0.996033 0.357675
-0.071106 0.000916 0.989685 0.361101
-0.069946 0.000000 1.002686 0.364492
-0.060974 -0.009460 0.991089 0.367902
-0.063660 -0.003418 0.989441 0.371290
-0.062988 0.001343 1.003479 0.374731
-0.057739 0.000854 0.986755 0.378163
-0.070679 -0.001221 1.000549 0.381647
-0.059082 -0.000061 0.990723 0.386121
-0.065796 -0.004639 1.004211 0.389719
-0.076050 -0.005859 0.995117 0.393076
-0.064819 -0.001709 0.988037 0.396745
-0.060364 -0.001526 1.006348 0.400460
-0.062500 -0.006104 0.997437 0.404253
-0.058350 0.000244 0.994202 0.407866
-0.064209 -0.004028 0.998291 0.411430
-0.061523 0.000610 0.999634 0.414984
-0.068237 -0.000305 1.006592 0.418672
-0.061768 -0.003296 1.001648 0.423753
-0.061951 -0.004211 0.989075 0.427504
-0.068420 -0.003906 1.001160 0.430716
-0.059265 0.003174 1.000549 0.433833
-0.069641 -0.004822 0.997864 0.437088
-0.066589 -0.004456 0.997498 0.440286
-0.056152 -0.003540 0.990784 0.443488
-0.062866 -0.007690 1.002502 0.446724
-0.058655 -0.002380 0.995850 0.449811
-0.064209 0.000488 1.001038 0.452937
-0.071716 -0.011963 0.995422 0.456073
-0.055359 -0.000854 1.002319 0.459182
-0.061340 -0.003174 0.991089 0.462323
-0.057190 0.002258 0.984741 0.465419
-0.059692 -0.002136 0.998169 0.468659
-0.078857 -0.005493 1.000671 0.471798
-0.068481 -0.002014 0.993591 0.474868
-0.061096 -0.004089 0.999023 0.478026
-0.055969 -0.004395 1.001709 0.481158
-0.056335 -0.000122 0.994202 0.484295
-0.060425 -0.000854 0.999268 0.487400
-0.057678 -0.007996 0.990112 0.490445
-0.067200 -0.001953 0.997864 0.493594
-0.061218 0.000610 0.994385 0.496665
-0.072876 -0.004272 0.997559 0.499836
-0.063416 0.000977 1.010803 0.502958
-0.060669 -0.008728 0.992004 0.506071
-0.060242 -0.000854 0.996399 0.509143
-0.065491 0.000793 0.997986 0.512213
-0.070618 -0.000122 0.991760 0.515305
-0.063599 -0.001953 0.998474 0.518335
-0.065674 -0.003662 0.984131 0.521500
-0.064819 -0.001587 0.993652 0.524625
-0.066772 -0.003113 0.999512 0.527741
-0.057495 -0.002625 0.994019 0.531054
-0.056946 -0.004028 0.994202 0.534172
-0.060425 -0.008423 0.994141 0.537333
-0.057495 0.003723 0.993652 0.540419
-0.062378 -0.008606 0.998596 0.543565
-0.058044 -0.003723 0.991272 0.546676
-0.065002 -0.004578 0.987854 0.549826
-0.061401 0.001587 0.994019 0.552943
-0.061035 -0.004089 0.985962 0.555995
-0.065002 0.001709 0.997070 0.559089
-0.056152 -0.005310 1.000061 0.562307
-0.065674 0.002808 0.991760 0.565396
-0.061646 -0.003174 1.001953 0.568560
-0.063843 0.003174 1.001221 0.571843
-0.064148 -0.009155 0.990112 0.575438
-0.060913 0.000000 0.998474 0.578606
-0.070251 -0.002686 1.001587 0.581682
-0.057678 -0.009399 0.998108 0.584815
-0.060913 -0.008362 1.002319 0.587948
-0.062378 -0.003601 0.994568 0.591045
-0.061951 -0.003479 1.000061 0.594326
-0.063538 0.000916 0.999817 0.597430
-0.058105 -0.001038 1.000244 0.600576
-0.060913 0.003174 0.996338 0.603667
-0.056885 -0.012939 0.989929 0.606767
-0.054443 -0.002441 1.002319 0.609896
-0.058289 0.001526 0.998413 0.613020
-0.065735 -0.010254 0.989075 0.616103
-0.065735 0.002136 0.998901 0.619206
-0.070007 -0.002686 1.001099 0.622320
-0.062317 0.001831 1.004822 0.625521
-0.057922 -0.005554 1.001709 0.628729
-0.063354 -0.004333 0.996155 0.631858
-0.066406 -0.010559 0.992676 0.634903
-0.068604 -0.008545 0.999512 0.638012
-0.063416 -0.002625 1.002075 0.641087
-0.056335 0.000854 0.998901 0.644196
-0.065979 0.004333 1.003052 0.647302
-0.061951 -0.002625 0.984741 0.650359
-0.065125 -0.006653 0.996521 0.653500
-0.066956 0.000244 0.994385 0.656718
-0.062378 -0.006897 0.991821 0.659865
-0.060120 -0.004883 0.987671 0.662982
-0.067749 0.004822 0.993835 0.665999
-0.068909 -0.002930 0.997864 0.669073
-0.063538 -0.005371 0.994629 0.672168
-0.060608 -0.009521 0.998413 0.675291
-0.060181 -0.001770 0.994934 0.678368
-0.060608 0.001221 1.000488 0.681484
-0.065918 -0.000977 0.994019 0.684711
-0.061462 0.002747 0.998230 0.687901
-0.061157 -0.012268 0.993591 0.691026
-0.071228 -0.001831 0.997559 0.694101
-0.065430 0.000183 0.989563 0.697178
-0.063782 -0.002930 0.997070 0.700464
-0.054871 0.001709 1.001038 0.703909
-0.066772 -0.003052 0.993042 0.707104
-0.062500 -0.003906 0.999756 0.710408
-0.066895 0.002136 0.996338 0.713622
-0.065613 0.001526 0.995728 0.717146
-0.063110 0.005310 0.981689 0.720320
-0.066223 -0.004700 0.995239 0.723424
-0.063171 -0.006714 1.000977 0.727044
-0.066101 -0.002258 1.000793 0.730363
-0.057373 0.002136 0.993225 0.733799
-0.061035 -0.007202 1.000244 0.736878
-0.065247 0.001282 0.991089 0.740125
-0.059692 -0.003601 0.999512 0.743585
-0.067078 0.003174 0.992859 0.747598
-0.072083 0.004211 0.987366 0.750844
-0.051392 -0.001892 0.996704 0.754136
-0.063110 0.005310 0.990967 0.757413
-0.065918 0.004639 0.991699 0.760751
-0.067749 -0.004395 0.994873 0.764499
-0.070312 0.003784 1.003662 0.768344
-0.055298 0.000000 1.001038 0.771695
-0.059143 -0.005066 0.990601 0.775012
-0.053284 -0.004211 0.996277 0.779784
-0.066467 -0.001038 0.992126 0.783435
-0.063782 -0.007324 0.993469 0.786774
-0.060791 -0.004395 0.987732 0.790097
-0.068298 -0.001587 0.998474 0.793922
-0.063843 -0.001831 0.993469 0.797486
-0.064575 -0.003235 1.003601 0.800782
-0.067688 -0.006470 0.998779 0.804092
-0.069580 -0.004333 0.994141 0.807408
-0.058838 -0.005615 0.990784 0.811213
-0.064453 0.005798 0.987976 0.814446
-0.062683 -0.003723 0.995056 0.817631
-0.064087 -0.003418 1.000366 0.820769
-0.061829 0.005737 0.994385 0.823869
-0.062012 -0.004883 0.997681 0.827158
-0.066101 -0.001343 0.995850 0.830345
-0.064026 -0.000122 1.007324 0.833509
-0.071045 0.000000 0.999268 0.836564
-0.062622 -0.000244 1.001221 0.839699
-0.067566 0.000488 1.000671 0.842967
-0.059937 -0.007263 0.995911 0.846252
-0.064392 0.000916 0.999512 0.849423
-0.057373 0.004761 0.999329 0.852557
-0.062866 -0.003662 0.991516 0.855713
-0.052734 -0.004578 0.996643 0.859015
-0.059021 -0.010010 0.999329 0.862348
-0.068359 0.000305 1.000366 0.865462
-0.064636 -0.005066 0.993958 0.868569
-0.062927 -0.005859 0.997864 0.871699
-0.060608 -0.006104 0.998352 0.875051
-0.058167 -0.002441 1.000977 0.878287
-0.061340 -0.004883 0.995300 0.881428
-0.059387 -0.004639 0.992676 0.884582
-0.065063 -0.003967 0.999573 0.887698
-0.058655 0.002441 0.998108 0.890967
-0.064636 -0.008362 0.993408 0.894193
-0.064758 0.005432 0.985962 0.897365
-0.059448 -0.003906 0.994995 0.900516
-0.058167 0.000305 0.993225 0.903693
-0.055908 -0.000732 0.997253 0.906992
-0.067993 0.005615 1.000610 0.910210
-0.058838 -0.006592 0.994385 0.913419
-0.066528 -0.001831 1.000244 0.916552
-0.066956 0.007507 0.997986 0.919658
-0.065674 -0.004822 0.996155 0.922925
-0.066406 -0.002502 0.988831 0.926117
-0.057251 -0.002625 1.006165 0.929414
-0.069946 0.000549 0.995544 0.932548
-0.058594 -0.003723 0.988525 0.935796
-0.062073 0.003052 0.991150 0.938981
-0.067078 -0.003723 1.000977 0.942105
-0.059082 0.002991 1.002563 0.945159
-0.064331 0.002808 1.002136 0.948258
-0.053833 -0.004211 0.998596 0.951375
-0.060852 0.001770 0.987732 0.954623
-0.065857 0.000061 0.996826 0.957757
-0.073059 -0.002808 0.993652 0.960834
-0.064941 0.004333 0.991516 0.963945
-0.066772 -0.000061 0.996155 0.967146
-0.067932 -0.005310 0.995300 0.970300
-0.061096 -0.002869 0.993896 0.973438
-0.054382 -0.009216 1.001099 0.976487
-0.067078 -0.005554 1.004456 0.979613
-0.061768 -0.001709 0.997864 0.982751
-0.061218 -0.002747 1.000549 0.985874
-0.063171 -0.006714 0.999451 0.989000
-0.062378 -0.007812 1.002380 0.992081
-0.055725 -0.002441 0.992432 0.995182
-0.066162 0.000427 0.990356 0.998338
-0.064392 0.004883 0.990845 1.001501
-0.062744 0.006653 1.001343 1.004642
-0.055725 0.001160 0.996399 1.007752
-0.063110 -0.003357 0.999695 1.010857
-0.066406 -0.005920 0.999573 1.014014
-0.062439 -0.002258 0.997437 1.017115
-0.060669 0.001587 1.001953 1.020219
-0.060608 -0.002991 0.988403 1.023345
-0.065918 0.001343 0.996033 1.026416
-0.059631 -0.005493 1.001648 1.029630
-0.063721 0.000061 1.010437 1.032772
-0.067139 -0.004333 0.994690 1.036235
-0.057007 -0.004333 1.000244 1.039807
-0.062927 0.000793 0.994873 1.043777
-0.065002 0.003540 0.989380 1.047692
-0.062317 -0.006836 0.989929 1.051483
-0.066345 -0.001221 0.996826 1.055380
-0.053711 -0.001404 0.992554 1.059545
-0.059265 -0.001709 1.004944 1.063553
-0.063904 0.001953 1.001648 1.068273
-0.074341 -0.003906 1.003296 1.072312
-0.065186 0.004883 0.992615 1.076294
-0.056396 0.001038 0.996521 1.080179
-0.054382 -0.002319 0.998535 1.084117
-0.071350 -0.001404 0.993896 1.088378
-0.065857 0.001160 0.999207 1.093664
-0.062378 -0.000549 0.994873 1.097249
-0.062927 -0.005615 1.002258 1.100685
-0.064697 0.001343 0.991516 1.103827
-0.067017 0.000427 0.997375 1.106920
-0.071838 0.002930 1.001831 1.110382
-0.065674 -0.005310 0.988464 1.113671
-0.063416 -0.006348 1.001221 1.117006
-0.065491 -0.010742 0.993225 1.120146
-0.066650 -0.001709 0.997803 1.123360
-0.058533 -0.000061 0.998413 1.126604
-0.058777 0.003662 0.987732 1.129839
-0.066162 -0.003601 0.993469 1.133207
-0.066284 0.004089 0.991821 1.136375
-0.064453 -0.003723 1.007629 1.139521
-0.061890 0.002869 0.996460 1.142637
-0.064331 -0.004272 1.000488 1.146102
-0.049561 0.002441 0.995239 1.149484
-0.061401 0.000305 0.993103 1.152639
-0.058533 0.002930 0.990234 1.155997
-0.062927 0.001587 0.990112 1.159222
-0.057922 -0.004944 1.000183 1.162674
-0.063721 0.004333 0.995422 1.165887
-0.065125 -0.005798 1.001038 1.169055
-0.072083 -0.001343 1.002380 1.172236
-0.054565 -0.003723 0.996094 1.175304
-0.061218 -0.003174 0.997559 1.178621
-0.061279 -0.004028 0.992188 1.181755
-0.062500 -0.005615 0.999634 1.184906
-0.070557 -0.005920 1.000305 1.188147
-0.064575 -0.004761 0.990112 1.191321
-0.061584 -0.001404 0.989990 1.194613
-0.069458 -0.003235 0.994934 1.197802
-0.056580 -0.001221 0.998657 1.200918
-0.062500 -0.003784 0.990723 1.204066
-0.060547 -0.010315 0.995239 1.207200
-0.064453 -0.002563 0.993958 1.210562
-0.067261 -0.001099 0.993164 1.213828
-0.064941 -0.008057 0.988892 1.217087
-0.064514 0.001343 0.992188 1.220231
-0.055908 -0.001953 1.002319 1.223410
-0.063354 -0.002625 0.991821 1.226686
-0.061707 -0.003906 0.992859 1.229945
-0.065308 -0.008118 1.003296 1.233122
-0.065979 -0.004028 1.005005 1.236251
-0.061279 -0.007019 0.997498 1.239358
-0.058594 -0.001831 0.989441 1.242723
-0.069214 -0.002930 0.995911 1.246054
-0.056763 -0.004089 0.999207 1.249292
-0.069885 -0.003357 0.995972 1.252480
-0.070007 0.000610 0.982971 1.255568
-0.060852 0.001831 0.996704 1.258936
-0.058105 -0.001221 0.996521 1.262309
-0.058533 -0.007935 1.004578 1.265523
-0.062805 -0.004150 0.997559 1.268643
-0.066650 -0.004395 1.006104 1.271803
-0.062439 -0.002686 1.000732 1.275162
-0.062195 0.002319 0.996765 1.278427
-0.058044 -0.006104 0.987427 1.281708
-0.069458 -0.006287 0.994751 1.284799
-0.063293 -0.000183 0.994751 1.287958
-0.060791 -0.007019 0.987122 1.291351
-0.059204 -0.002869 0.998596 1.294607
-0.060974 -0.002136 0.991638 1.297762
-0.066223 -0.005737 1.002258 1.300907
-0.057251 0.002380 1.002563 1.303980
-0.059143 -0.000305 0.998047 1.307314
-0.068237 -0.004211 0.994446 1.310671
-0.068970 -0.002686 0.992371 1.313888
-0.056152 -0.000549 0.995300 1.317034
-0.059937 0.002014 1.003113 1.320114
-0.066040 -0.001160 0.999939 1.323917
-0.060181 -0.004456 0.995422 1.327632
-0.060181 -0.001465 1.004761 1.331084
-0.059082 -0.000732 1.002136 1.334406
-0.060852 -0.005920 0.993958 1.337734
-0.065979 -0.007080 0.997742 1.341543
-0.059448 -0.005615 0.994873 1.345242
-0.060852 -0.000122 0.992126 1.348490
-0.063171 -0.001221 0.997314 1.351655
-0.055481 0.004639 0.994141 1.354874
-0.058655 -0.003357 1.005920 1.358084
-0.062012 0.002930 0.995728 1.361492
-0.054321 -0.005249 1.001099 1.364681
-0.061401 -0.003540 0.986572 1.367826
-0.068420 -0.006531 0.992615 1.371184
-0.067505 -0.008911 0.995667 1.374538
-0.065735 -0.002441 0.997986 1.377849
-0.060791 -0.004211 0.995789 1.381032
-0.070251 -0.005554 0.992615 1.384138
-0.060425 -0.004211 1.000549 1.388628
-0.060913 -0.001831 1.002747 1.391996
-0.062073 0.001221 0.996643 1.395486
-0.060974 0.001709 0.995422 1.398686
-0.061707 -0.001526 0.996521 1.401844
-0.069031 -0.006226 0.992126 1.405250
-0.068115 0.001831 0.995728 1.408642
-0.061218 -0.006836 1.000610 1.412475
-0.065125 0.005432 1.001953 1.415709
-0.064514 -0.005249 1.000977 1.418943
-0.059326 -0.004456 0.998474 1.422131
-0.065002 -0.003052 0.998962 1.425270
-0.062378 -0.000427 0.997986 1.429068
-0.060730 0.000977 0.996033 1.432420
-0.067261 0.003296 0.989319 1.435725
-0.061523 -0.002197 0.995667 1.438962
-0.071045 -0.005127 0.992798 1.442100
-0.062744 0.000916 0.996155 1.445912
-0.066162 0.001953 0.997681 1.449467
-0.069702 -0.002808 0.990906 1.452797
-0.063843 0.000854 0.985596 1.455949
-0.067444 -0.005798 0.990173 1.459091
-0.057373 -0.004333 1.002869 1.462825
-0.060913 0.003967 0.993164 1.466073
-0.065552 -0.004944 0.999695 1.469291
-0.065918 0.005066 0.999268 1.472448
-0.062378 0.001465 0.996704 1.475570
-0.066101 -0.000488 0.995361 1.479395
-0.061646 -0.006287 0.997559 1.482671
-0.052368 0.000122 0.995789 1.485826
-0.065063 -0.002930 0.991577 1.489206
-0.055481 -0.001892 0.997681 1.492344
-0.059143 -0.003113 0.996948 1.496142
-0.062195 -0.004333 0.994263 1.499447
-0.057922 -0.000977 0.999756 1.502609
-0.054199 0.000305 0.989075 1.505735
-0.055298 -0.002319 1.001038 1.508892
-0.056519 -0.003540 0.992371 1.512606
-0.064087 0.000061 0.998474 1.515862
-0.076599 -0.006836 1.003906 1.519004
-0.061768 -0.002319 0.994385 1.522124
-0.055542 -0.001587 0.992126 1.525249
-0.061279 0.006409 0.994324 1.529155
-0.064209 0.000244 0.999390 1.532553
-0.064575 0.007751 0.985962 1.535704
-0.065308 -0.002991 0.995239 1.538853
-0.061035 -0.007874 1.004761 1.542007
-0.053528 -0.001892 0.998047 1.545856
-0.063232 -0.006470 1.001709 1.549147
-0.061768 -0.000793 0.998230 1.552326
-0.060974 -0.004822 0.998474 1.555465
-0.056702 -0.000671 0.998901 1.558603
-0.059326 -0.003601 0.999512 1.562466
-0.063904 -0.001404 0.997559 1.565921
-0.059204 -0.001221 0.994629 1.569061
-0.066895 -0.008423 1.003906 1.572202
-0.062866 -0.000061 0.997742 1.575270
-0.065430 -0.002441 0.996826 1.579272
-0.065979 -0.004639 0.998840 1.582640
-0.064575 -0.003906 0.997925 1.585751
-0.061157 -0.001892 0.993286 1.588901
-0.063110 -0.003418 0.985779 1.592093
-0.062012 0.000305 0.995056 1.596026
-0.066772 0.004395 0.999023 1.599344
-0.065613 -0.002197 1.006409 1.602522
-0.058960 -0.000916 0.997559 1.605663
-0.067017 0.001099 0.990784 1.608791
-0.057861 -0.001465 1.001892 1.612533
-0.060608 0.000183 0.986816 1.615737
-0.074646 -0.012268 0.993286 1.618878
-0.062622 -0.006104 0.998901 1.621989
-0.058105 0.003296 1.005859 1.625187
-0.061035 -0.005371 1.000305 1.629042
-0.060608 -0.009827 0.996948 1.632495
-0.069641 0.002502 0.993469 1.635565
-0.061523 -0.002808 0.994751 1.638676
-0.064270 0.005188 0.991028 1.641772
-0.063416 0.004028 0.994629 1.645702
-0.062439 -0.008789 0.995300 1.649033
-0.066772 -0.008484 1.000610 1.652215
-0.062012 0.002747 0.996460 1.655422
-0.065674 -0.004211 0.993591 1.658685
-0.061218 -0.002197 0.999023 1.662589
-0.058960 -0.002441 1.000000 1.665995
-0.064453 0.002563 0.995911 1.669075
-0.051636 0.001526 0.995117 1.672187
-0.065186 -0.007080 0.988708 1.675434
-0.065491 0.002686 1.009888 1.679215
-0.064453 -0.001892 0.998901 1.682590
-0.058777 0.003296 0.996765 1.685791
-0.064270 -0.005493 0.997009 1.688929
-0.070923 -0.000488 0.994995 1.692182
-0.063782 0.000000 0.998108 1.696163
-0.066406 0.000366 0.983215 1.699549
-0.062317 -0.009338 0.993103 1.702683
-0.064209 -0.006592 0.989136 1.705855
-0.067444 -0.000549 0.997742 1.709354
-0.068909 -0.002686 0.997009 1.713081
-0.054932 0.002136 0.995056 1.716439
-0.058289 0.000244 0.992493 1.719801
-0.067627 -0.000854 0.993042 1.722956
-0.059082 0.000427 0.996643 1.726081
-0.062744 0.001709 0.992493 1.729804
-0.053528 0.000427 0.995361 1.733145
-0.066528 -0.007568 0.989197 1.736296
-0.062744 -0.008240 0.997437 1.739453
-0.063110 -0.000183 0.993469 1.742638
-0.066162 0.002075 0.998718 1.746260
-0.058533 -0.001038 0.994263 1.749719
-0.052368 -0.002930 0.996094 1.752937
-0.053650 0.002502 0.992249 1.756039
-0.066040 0.000793 0.991272 1.759190
-0.056030 -0.004700 0.995911 1.762983
-0.063782 -0.002380 0.998352 1.766338
-0.062805 -0.000916 0.997437 1.769457
-0.062683 -0.001526 0.996643 1.772656
-0.056763 0.003479 0.989685 1.775762
-0.064087 0.005798 0.994934 1.779524
-0.063843 -0.002808 0.993225 1.782943
-0.062256 0.001221 0.997986 1.786058
-0.057800 -0.004944 0.999023 1.789146
-0.064819 0.002930 0.991516 1.792262
-0.073425 0.003723 1.001465 1.796065
-0.060181 -0.007874 0.995789 1.799465
-0.064026 -0.002991 0.991821 1.802662
-0.056091 0.003296 0.993652 1.807042
-0.068665 -0.000793 0.995605 1.810583
-0.058960 -0.006653 1.002808 1.815660
-0.068237 -0.000488 0.992798 1.819340
-0.058838 -0.005676 0.992798 1.823948
-0.062561 -0.000427 0.993286 1.827872
-0.053040 -0.013489 1.000427 1.832233
-0.059814 -0.000061 0.995667 1.835753
-0.063904 -0.005920 1.000122 1.839110
-0.066223 -0.004089 0.996277 1.842488
-0.063171 0.002747 0.997986 1.846361
-0.057129 0.001465 0.998474 1.849928
-0.061829 -0.000854 0.996033 1.853250
-0.060791 -0.001160 1.000366 1.856852
-0.056335 -0.005127 1.003601 1.861254
-0.065247 0.001831 1.001282 1.864818
-0.062988 -0.002808 0.995544 1.868307
-0.057983 0.000305 0.994995 1.871700
-0.064697 -0.000244 0.985535 1.875081
-0.053772 -0.006592 0.997742 1.879241
-0.059875 0.000244 0.999390 1.882785
-0.062073 -0.001343 0.993469 1.886339
-0.069275 -0.005310 0.990540 1.890041
-0.062866 -0.001709 0.993530 1.894161
-0.066711 0.002075 0.997925 1.898035
-0.060364 0.001160 1.008911 1.901605
-0.058167 0.001099 0.988281 1.905091
-0.065063 0.000732 0.994202 1.909354
-0.060974 -0.002808 0.987061 1.913541
-0.062195 -0.005127 1.001404 1.917277
-0.064148 -0.003235 0.993225 1.921063
-0.057922 -0.010071 0.997131 1.924780
-0.055908 -0.004639 1.005066 1.929125
-0.068726 -0.002869 0.994751 1.932855
-0.062866 0.002930 0.985046 1.936487
-0.059753 0.000610 0.995361 1.940091
-0.062500 -0.002258 0.992432 1.943572
-0.063660 -0.004761 1.003235 1.948001
-0.065186 -0.007141 0.994019 1.951755
-0.073425 -0.004150 0.989624 1.955307
-0.059326 -0.006226 0.991272 1.959360
-0.054077 -0.002502 0.994263 1.963633
-0.067871 -0.000244 0.992676 1.967715
-0.067627 -0.004822 0.996033 1.971211
-0.062500 0.004333 1.003479 1.974651
-0.065369 -0.003174 0.995300 1.978506
-0.065247 -0.004944 1.002563 1.982664
-0.061951 -0.003540 0.987488 1.986232
-0.065308 -0.006836 1.001404 1.989701
-0.063599 0.002197 0.992432 1.993494
-0.066345 -0.004456 0.997070 1.997625
-0.061523 -0.000427 0.991760 2.001121
-0.073425 0.007690 0.994629 2.004524
-0.068665 -0.003174 1.000793 2.007925
-0.057129 0.005920 0.997314 2.011864
-0.061218 0.001648 0.992676 2.015504
-0.072754 0.000122 0.992371 2.019328
-0.070679 -0.001587 0.997437 2.022663
-0.065186 -0.002686 1.005127 2.026050
-0.060913 -0.008057 1.001709 2.030280
-0.058655 -0.008667 0.993347 2.033949
-0.061157 -0.003906 0.999939 2.037513
-0.064941 0.001709 0.999023 2.041120
-0.064941 -0.004517 0.988342 2.045672
-0.062317 0.002441 0.990356 2.049677
-0.065918 0.002197 0.994812 2.053421
-0.060791 -0.001770 0.992371 2.057079
-0.070312 -0.004028 0.998291 2.061246
-0.058960 -0.005249 1.000427 2.065155
-0.068481 0.000305 0.993347 2.068601
-0.065918 -0.001892 0.996704 2.072707
-0.069946 0.000427 0.989807 2.076663
-0.064331 -0.001038 1.000061 2.080436
-0.062866 0.001038 0.997559 2.084454
-0.068176 -0.002625 0.995789 2.088548
-0.069824 -0.003540 1.001343 2.092064
-0.066101 0.001831 0.999573 2.096046
-0.067017 -0.001709 1.004089 2.099494
-0.058044 -0.001160 0.987854 2.102965
-0.066895 0.002625 0.999329 2.106442
-0.059998 -0.000854 1.001831 2.110584
-0.059875 -0.001282 0.992126 2.114694
-0.056580 -0.002686 0.997131 2.118187
-0.063477 -0.002014 0.994019 2.121686
-0.066162 -0.000122 0.996399 2.125201
-0.054382 -0.001526 1.000549 2.129242
-0.061096 -0.001221 0.992615 2.132867
-0.063599 -0.000610 0.991150 2.136230
-0.062866 -0.002319 1.000366 2.141106
-0.067505 -0.001526 0.997742 2.145545
-0.062866 -0.004517 0.993958 2.149150
-0.065002 -0.006409 1.004944 2.152773
-0.063782 -0.008423 1.001892 2.156387
-0.063599 0.004944 0.995178 2.160462
-0.062012 0.001160 0.993530 2.164420
-0.070129 -0.000488 0.994446 2.168203
-0.062073 0.001282 1.004883 2.171862
-0.066406 -0.003906 1.000122 2.175425
-0.068848 -0.011353 0.993042 2.179873
-0.064941 -0.001892 0.999878 2.184004
-0.059509 -0.007202 0.997314 2.190040
-0.069580 -0.004822 0.995239 2.193847
-0.059448 0.000793 0.998901 2.197730
-0.059509 -0.004272 1.005371 2.201409
-0.061768 -0.002808 0.992676 2.204927
-0.062927 -0.004272 1.002502 2.208308
-0.061218 -0.004456 0.997253 2.212239
-0.065918 0.004028 1.001465 2.215900
-0.057312 -0.004578 0.994324 2.219379
-0.056213 -0.012634 0.997009 2.222841
-0.068970 0.005371 0.994446 2.226385
-0.072876 -0.008301 0.998108 2.230686
-0.065613 -0.006592 1.004883 2.234528
-0.059814 -0.002747 0.997925 2.238517
-0.067078 -0.003845 0.989685 2.242027
-0.068848 -0.002930 0.994812 2.246149
-0.058105 -0.005127 0.997498 2.249915
-0.067078 -0.002441 0.995056 2.253733
-0.061523 -0.002869 1.002869 2.257501
-0.058899 -0.006836 1.000671 2.261692
-0.064697 -0.002625 1.002625 2.265692
-0.059692 -0.005005 1.002686 2.269423
-0.063965 0.001587 0.990967 2.273975
-0.051514 -0.005920 0.993652 2.278979
-0.072266 -0.002319 0.994202 2.282942
-0.061157 -0.001099 0.995483 2.286538
-0.055908 -0.000427 0.996948 2.289693
-0.072449 -0.004089 1.003174 2.292932
-0.063232 -0.006470 0.997742 2.296799
-0.062134 -0.007507 1.000977 2.300582
-0.063660 -0.008484 0.999451 2.304081
-0.061401 -0.006592 0.992981 2.307258
-0.056641 0.006165 0.989868 2.310896
-0.071594 -0.004456 0.990295 2.314144
-0.072937 0.002441 1.001221 2.317502
-0.064148 -0.001221 0.997864 2.320783
-0.063477 -0.000732 0.987061 2.323959
-0.061829 -0.004150 0.991699 2.327806
-0.062683 -0.006165 0.994385 2.331306
-0.065247 0.006592 1.000427 2.334769
-0.067139 0.000244 0.991577 2.338005
-0.070557 -0.003174 0.997681 2.341156
-0.065002 -0.005615 0.999634 2.344764
-0.066528 -0.005554 0.996521 2.348114
-0.062866 -0.006042 0.992126 2.351439
-0.062439 -0.005188 0.994080 2.354731
-0.067993 0.002502 0.989075 2.357892
-0.067993 -0.005737 0.987976 2.361730
-0.060364 0.002075 0.993530 2.365169
-0.061401 -0.005859 0.998352 2.368453
-0.065369 0.001099 0.997681 2.371781
-0.058777 -0.002991 0.991455 2.374973
-0.064270 0.000610 0.991699 2.378729
-0.063477 0.000793 0.997498 2.381951
-0.057007 -0.001282 1.002197 2.385104
-0.058716 -0.003723 0.997559 2.388462
-0.065918 -0.007446 1.004456 2.391972
-0.063354 -0.005005 0.986572 2.395572
-0.068054 0.004211 0.993347 2.398966
-0.068970 0.005676 0.987732 2.402102
-0.054321 -0.002808 1.003418 2.405490
-0.066467 -0.006226 0.994568 2.408662
-0.065918 -0.001038 1.002136 2.412314
-0.069153 -0.001526 1.003662 2.415524
-0.067444 0.001587 0.996948 2.418620
-0.064575 0.004028 0.994568 2.422065
-0.058044 -0.003723 0.992432 2.425511
-0.063477 -0.000610 0.996521 2.429122
-0.060364 -0.004822 1.002563 2.432369
-0.059875 -0.004089 0.995483 2.435554
-0.061768 -0.002319 0.995178 2.438927
-0.065674 -0.001587 0.994080 2.442121
-0.066162 0.000122 1.000549 2.445704
-0.057068 -0.013000 0.993591 2.448980
-0.067261 -0.000549 0.979797 2.452306
-0.054260 -0.003418 1.002686 2.456156
-0.067688 0.002319 0.990845 2.459527
-0.065186 0.001282 0.992432 2.463089
-0.063477 -0.000977 0.990784 2.466256
-0.057800 -0.004456 0.999939 2.469386
-0.058716 0.001160 1.000793 2.472486
-0.054749 -0.002625 0.999878 2.475900
-0.057556 -0.001038 0.998962 2.479604
-0.064514 0.001038 0.995972 2.482754
-0.065613 -0.003296 1.002258 2.486155
-0.062378 -0.001160 0.995850 2.489610
-0.063110 -0.002380 0.993713 2.493143
-0.059509 0.000305 0.988342 2.496574
-0.059509 -0.002930 0.989319 2.499791
-0.060486 -0.000793 0.994385 2.502941
-0.067993 -0.006653 0.995728 2.506106
-0.069824 0.004456 0.996521 2.509547
-0.060974 0.000793 0.990356 2.513080
-0.070618 0.001770 1.001221 2.516458
-0.060791 -0.007874 0.997314 2.519898
-0.070129 -0.003540 0.987244 2.523288
-0.060913 -0.002930 0.998352 2.526973
-0.054810 -0.003174 0.990540 2.530242
-0.054871 -0.001831 0.994568 2.533389
-0.065308 -0.000183 1.008057 2.536493
-0.062927 -0.002991 1.003296 2.539849
-0.060181 -0.002625 0.996399 2.543253
-0.064514 -0.002869 1.000610 2.546724
-0.054565 -0.002258 0.987671 2.550653
-0.060303 0.002625 0.997681 2.553908
-0.059875 0.003052 0.989502 2.557185
-0.063354 0.002502 0.989929 2.560704
-0.065491 -0.008423 0.997742 2.563921
-0.074158 -0.000916 1.001831 2.567080
-0.057190 -0.002136 0.994385 2.570215
-0.065979 -0.003601 0.997437 2.573537
-0.057068 -0.000916 0.988953 2.577200
-0.062988 -0.000854 1.000854 2.580706
-0.064941 0.001160 0.994629 2.584174
-0.072632 -0.002258 0.990845 2.587338
-0.059937 0.004089 1.002747 2.590426
-0.057495 0.001221 0.992554 2.594098
-0.067993 -0.001221 0.994812 2.597335
-0.064331 0.004028 0.997925 2.600427
-0.059570 -0.003296 1.000793 2.603763
-0.063599 -0.000122 1.002319 2.606944
-0.060181 -0.002991 1.002075 2.610861
-0.062927 0.001709 0.996094 2.614837
-0.061890 0.000244 0.997620 2.618077
-0.060669 -0.003723 1.001831 2.621194
-0.068420 -0.003723 0.998047 2.624310
-0.065552 0.003052 1.012329 2.627777
-0.063599 0.002014 0.996277 2.630945
-0.058350 0.002747 1.007263 2.634045
-0.062744 -0.000977 0.992249 2.637124
-0.061340 0.002563 0.999756 2.640407
-0.067505 0.008362 0.998596 2.644281
-0.053955 -0.009033 0.999207 2.647919
-0.062744 -0.006165 0.991577 2.651105
-0.061279 0.005676 1.001282 2.654153
-0.062744 0.000000 0.997070 2.657231
-0.065491 0.004822 0.994934 2.660363
-0.065552 -0.000244 1.002686 2.663544
-0.064270 -0.001953 0.996582 2.666844
-0.063538 -0.004578 0.991577 2.670447
-0.064880 0.002319 0.987610 2.673903
-0.066711 0.002136 0.995056 2.677535
-0.060730 -0.004578 0.997437 2.680790
-0.067627 -0.002136 0.982910 2.684134
-0.059875 -0.004333 1.001160 2.687289
-0.063110 -0.002625 0.994873 2.690383
-0.057739 -0.004517 0.996094 2.694056
-0.060303 0.004272 0.991089 2.697284
-0.064575 -0.000610 0.997620 2.700623
-0.077637 -0.001160 0.992859 2.704021
-0.062561 -0.005310 0.988403 2.707490
-0.060547 -0.000244 0.991943 2.711045
-0.062683 0.004395 0.997498 2.714292
-0.062683 -0.001892 1.001709 2.717759
-0.056702 0.005127 0.993347 2.720932
-0.075134 -0.004517 0.993958 2.724077
-0.061646 -0.009216 0.997620 2.727706
-0.063965 -0.001404 0.988098 2.731145
-0.064697 -0.001770 0.996460 2.734504
-0.070374 -0.001892 0.997192 2.738281
-0.066162 -0.007324 0.993042 2.741512
-0.062561 -0.003418 0.996399 2.745200
-0.068420 -0.000977 0.987366 2.748659
-0.055908 -0.000977 0.994507 2.751846
-0.069214 0.003174 0.994812 2.754972
-0.068420 0.002930 0.996399 2.758081
-0.062317 0.002747 0.991760 2.761635
-0.066040 -0.001953 0.995117 2.765043
-0.068787 0.002441 0.995544 2.768445
-0.062134 0.003906 1.003906 2.771810
-0.057373 -0.005371 0.997375 2.775062
-0.065674 0.001709 1.005005 2.778572
-0.076111 -0.003845 0.995667 2.781911
-0.059753 -0.006775 1.000427 2.785018
-0.065308 -0.002991 0.995178 2.788143
-0.068970 0.001648 0.998352 2.791240
-0.062378 -0.001404 1.000244 2.795008
-0.075134 -0.002502 1.004395 2.798537
-0.056274 -0.004333 0.998962 2.801951
-0.067078 -0.006165 0.993042 2.805151
-0.061584 -0.006470 0.996765 2.808276
-0.058105 0.003845 1.000366 2.812112
-0.066833 0.004395 0.997803 2.815515
-0.063782 0.003906 0.995911 2.818666
-0.061401 -0.001953 0.992126 2.821791
-0.067322 -0.001404 0.996643 2.824924
-0.057556 -0.002869 0.994080 2.828944
-0.063721 -0.008423 0.993042 2.832539
-0.061340 -0.010742 0.998535 2.835971
-0.059692 -0.009338 0.996521 2.839175
-0.060974 0.005188 0.989075 2.842277
-0.058594 -0.000061 1.000183 2.845977
-0.058960 0.001953 0.996521 2.849151
-0.063110 -0.003601 0.989685 2.852312
-0.063110 -0.002075 1.004639 2.855428
-0.059937 -0.008179 0.990967 2.858740
-0.071472 0.002136 0.997131 2.862728
-0.069458 -0.004211 0.996521 2.866220
-0.062744 -0.007507 0.998718 2.869400
-0.063110 -0.007324 0.989990 2.872523
-0.061768 -0.000549 0.998291 2.875926
-0.070068 -0.001709 0.990784 2.879550
-0.066406 -0.007690 0.989746 2.882758
-0.075378 -0.003906 0.998413 2.885905
-0.064392 -0.004028 0.993469 2.889009
-0.066772 -0.005920 0.990845 2.892432
-0.065674 -0.000122 1.002014 2.896144
-0.063904 -0.008850 0.991699 2.899571
-0.066711 0.001099 1.000244 2.902743
-0.064026 -0.003052 0.992249 2.905886
-0.061646 -0.004272 1.007629 2.909236
-0.057251 -0.001770 0.994446 2.912903
-0.062012 0.000305 0.994812 2.916018
-0.066223 -0.001526 0.997681 2.919194
-0.063843 -0.003723 0.997864 2.922581
-0.066162 0.001648 1.001099 2.926496
-0.062378 -0.004517 0.994446 2.930055
-0.060486 -0.003723 0.985352 2.933253
-0.064453 0.000427 0.996216 2.936420
-0.057617 -0.002625 0.996277 2.939949
-0.068787 -0.003540 0.997314 2.943526
-0.069336 -0.002991 1.004700 2.946842
-0.061768 -0.004822 0.993713 2.950020
-0.057129 -0.003845 0.995056 2.953347
-0.069702 0.002258 0.993774 2.957229
-0.058472 -0.002869 0.992432 2.960899
-0.061157 0.002808 0.990173 2.964099
-0.069397 -0.004028 1.000610 2.967260
-0.067749 -0.000305 0.994812 2.970471
-0.064575 0.002197 0.991516 2.973762
-0.058044 -0.010193 1.000549 2.977458
-0.061279 -0.001160 0.989441 2.980634
-0.055786 -0.001526 0.992188 2.983949
-0.054138 0.002808 0.988586 2.987944
-0.070496 -0.001587 0.996216 2.991178
-0.059204 0.003479 0.995239 2.994727
-0.062195 -0.002686 0.997620 2.997942
-0.062622 -0.005005 1.000000 3.001092
