grav grav grav sec
-0.056458 -0.002991 0.992126 0.003889
-0.062744 -0.005554 1.000183 0.008072
-0.066406 0.001465 0.999939 0.011715
-0.061951 0.000793 0.994141 0.014866
-0.069641 -0.001587 1.002258 0.018091
-0.061951 -0.000977 0.998535 0.021454
-0.059448 0.001892 0.999451 0.025251
-0.061340 0.000000 0.996704 0.028728
-0.067383 -0.008850 1.001587 0.032163
-0.061096 -0.002075 1.001587 0.035385
-0.052002 -0.005859 0.998901 0.038964
-0.064392 -0.000916 0.995667 0.042596
-0.065002 -0.007751 1.002380 0.045967
-0.056946 -0.007263 0.989075 0.049158
-0.061646 -0.002930 1.001343 0.052299
-0.056946 -0.002808 0.990234 0.056209
-0.061951 -0.004700 0.993530 0.059996
-0.065186 -0.002625 1.000610 0.063548
-0.060486 -0.006104 0.999634 0.066742
-0.057190 -0.000061 0.999634 0.069889
-0.057800 -0.006226 0.999023 0.073782
-0.070007 -0.007507 0.997192 0.077241
-0.063416 0.005188 0.992676 0.080472
-0.060059 -0.001953 0.996399 0.083659
-0.062134 -0.006470 0.996155 0.086801
-0.060974 -0.006653 0.988403 0.091121
-0.068481 -0.003906 1.001221 0.094743
-0.062683 -0.006165 0.998291 0.097959
-0.063538 0.002075 0.999573 0.101128
-0.056702 -0.000183 0.992981 0.104375
-0.069336 0.002808 0.992126 0.108213
-0.061462 -0.001892 0.997864 0.111590
-0.058167 -0.008911 0.997314 0.114800
-0.062012 -0.003113 0.993958 0.117916
-0.062317 0.004395 0.994751 0.121367
-0.065002 0.000549 1.001892 0.125317
-0.063293 -0.001282 1.001221 0.128782
-0.067139 -0.005005 0.991211 0.131972
-0.062073 -0.001038 0.999329 0.135231
-0.066711 -0.002075 0.998169 0.139007
-0.062378 0.002319 0.998657 0.142516
-0.060364 0.001831 0.988831 0.145619
-0.061279 0.000549 0.999939 0.148731
-0.059937 -0.009766 0.999023 0.152341
-0.059692 -0.003601 0.997620 0.156652
-0.065063 -0.001587 0.992126 0.160025
-0.068481 -0.002747 0.989380 0.163237
-0.069580 -0.008606 0.997925 0.166430
-0.061829 0.000610 0.999512 0.169656
-0.062378 -0.001404 0.993408 0.173523
-0.069336 -0.001465 1.007080 0.176968
-0.059631 -0.001892 0.995117 0.180137
-0.066162 -0.001526 0.990845 0.183624
-0.063416 0.002991 0.991028 0.187037
-0.070984 -0.005615 1.005676 0.190693
-0.060425 -0.006775 0.997009 0.193970
-0.059326 -0.007019 0.993347 0.197181
-0.064087 -0.002441 0.994812 0.200462
-0.062073 0.001892 0.997192 0.203606
-0.063354 -0.005005 0.998291 0.207568
-0.059814 -0.007019 0.995178 0.210908
-0.055176 -0.002991 0.993530 0.214315
-0.063477 -0.000916 0.998596 0.217772
-0.060913 0.005127 0.991943 0.221061
-0.063171 -0.001892 0.993713 0.224910
-0.064148 -0.005798 0.998535 0.228241
-0.067322 -0.000122 0.996460 0.231539
-0.071106 -0.005554 0.993896 0.234752
-0.067688 -0.000488 0.997314 0.237966
-0.070374 0.004395 0.998291 0.241579
-0.058777 0.000061 0.993835 0.244952
-0.064514 -0.003235 0.997864 0.248320
-0.068909 -0.002686 1.002441 0.251540
-0.057800 -0.005737 1.001953 0.254776
-0.069519 -0.009399 0.996460 0.258452
-0.054626 -0.006409 0.999329 0.261718
-0.065796 -0.007812 0.997314 0.265149
-0.064209 0.006592 0.996887 0.268301
-0.068176 -0.005676 1.000549 0.271537
-0.055542 -0.000061 0.990723 0.275522
-0.065125 0.004700 0.999512 0.279365
-0.064148 -0.005920 0.991821 0.282629
-0.062683 -0.001465 0.999878 0.285790
-0.067810 -0.001831 0.992493 0.289368
-0.061340 -0.005798 1.005310 0.292601
-0.063782 -0.010681 0.997437 0.295989
-0.062744 -0.004761 0.986877 0.299245
-0.059082 -0.002625 0.987488 0.302415
-0.059082 -0.005371 1.002869 0.306237
-0.062439 -0.005981 1.000122 0.309678
-0.064331 0.000916 0.992981 0.313027
-0.059082 0.001221 0.992554 0.316250
-0.065186 0.003845 0.991394 0.319409
-0.065186 -0.000305 0.991699 0.322977
-0.057861 -0.002686 0.994751 0.326196
-0.065979 0.003601 0.991821 0.329540
-0.062988 -0.005798 0.999390 0.332736
-0.067810 -0.000122 0.996765 0.335823
-0.056641 -0.001221 0.996033 0.339700
-0.062805 -0.001221 0.990540 0.343315
-0.066467 -0.005676 0.999634 0.346654
-0.059753 0.010071 0.999146 0.349807
-0.061096 -0.003418 1.001282 0.352961
-0.062622 -0.000366 1.002380 0.356545
-0.062927 -0.009521 0.998230 0.360006
-0.060181 0.000610 0.994568 0.363162
-0.061096 0.002441 0.993103 0.366331
-0.063782 -0.007568 0.997742 0.369750
-0.072327 -0.002441 1.002441 0.373375
-0.061707 -0.007935 0.994141 0.376929
-0.059204 0.002502 0.995422 0.380121
-0.069458 -0.003906 0.996887 0.383311
-0.057495 0.001404 0.994995 0.386408
-0.066223 0.001343 0.992126 0.389944
-0.063599 -0.002136 1.001099 0.393353
-0.062622 -0.007935 0.997864 0.396549
-0.054321 -0.006042 1.003906 0.399811
-0.066589 0.000427 0.994751 0.403790
-0.058777 -0.002441 1.000183 0.407703
-0.061890 -0.002014 0.996704 0.411300
-0.067993 -0.001343 0.992004 0.414626
-0.061340 -0.003845 0.994751 0.417908
-0.065308 0.006104 0.996460 0.421222
-0.057556 -0.001465 1.002747 0.425140
-0.065125 -0.006714 1.007874 0.428530
-0.067749 0.000122 1.001953 0.434742
-0.058716 0.001282 0.993958 0.438621
-0.064270 0.001831 0.996094 0.442293
-0.063599 0.001282 0.997986 0.445679
-0.062622 0.000122 0.991455 0.448959
-0.064331 -0.000793 1.002075 0.452244
-0.066101 -0.003418 0.997375 0.456433
-0.062134 0.000610 0.995728 0.460182
-0.061523 -0.003784 0.990662 0.464932
-0.065918 -0.007874 0.995178 0.468369
-0.059021 -0.007690 0.999695 0.471862
-0.063354 -0.004028 1.001526 0.475460
-0.064087 -0.002502 0.995056 0.478678
-0.067383 -0.007751 1.000854 0.481832
-0.061401 -0.007385 0.995422 0.484995
-0.063477 0.003479 0.999390 0.488508
-0.058716 0.000854 1.001709 0.491827
-0.062195 -0.001404 0.996338 0.495278
-0.064758 -0.001282 0.993042 0.498748
-0.065430 -0.009033 0.998047 0.501999
-0.067322 -0.001587 0.995850 0.506273
-0.066223 -0.004700 0.997498 0.509568
-0.059875 0.007019 0.998169 0.512738
-0.063110 0.001404 0.990967 0.515929
-0.058899 -0.008423 0.994141 0.519419
-0.059753 -0.005371 0.995850 0.523156
-0.069214 -0.001892 0.994812 0.526627
-0.057739 -0.001099 0.993347 0.530273
-0.062195 -0.009033 0.993347 0.533466
-0.071472 -0.004211 0.998779 0.536789
-0.064758 -0.007202 0.999451 0.540342
-0.060791 -0.003662 0.992798 0.543648
-0.067322 -0.007324 0.995361 0.546788
-0.061096 -0.001831 0.995056 0.549962
-0.058228 0.004395 0.993835 0.553317
-0.063110 0.002747 1.003479 0.557686
-0.060608 -0.003235 0.998596 0.561576
-0.062073 -0.005737 0.995728 0.565136
-0.059204 -0.005859 1.000427 0.568641
-0.063477 0.002502 1.003662 0.572724
-0.059631 0.000854 0.998474 0.575906
-0.063354 -0.000427 0.997620 0.579191
-0.069275 -0.009460 0.993652 0.582513
-0.062073 -0.001709 1.000610 0.586627
-0.069458 0.000916 1.000671 0.591790
-0.064697 -0.006287 0.989502 0.595328
-0.077271 -0.002625 0.995667 0.598552
-0.066772 0.002563 0.993591 0.601832
-0.058533 -0.005981 1.005127 0.605118
-0.057495 0.000732 0.998962 0.608584
-0.056641 0.002258 0.997131 0.611778
-0.068237 0.000610 1.003662 0.614886
-0.066711 -0.002930 0.999756 0.618337
-0.067810 -0.003052 0.995728 0.621953
-0.060730 -0.001709 0.991760 0.626040
-0.061401 -0.005920 0.990906 0.629254
-0.068481 -0.002869 0.996582 0.632447
-0.059326 -0.008850 0.989746 0.635612
-0.065369 -0.001038 0.989136 0.639360
-0.064636 -0.001221 0.991028 0.642633
-0.061523 -0.001770 0.997864 0.645802
-0.066589 -0.003967 0.980225 0.649121
-0.066162 -0.005798 0.990662 0.653102
-0.064453 -0.007446 1.002258 0.656748
-0.061096 0.003357 0.992859 0.659976
-0.067444 -0.002930 1.000427 0.663137
-0.066895 -0.000427 0.995667 0.666475
-0.054993 -0.002930 0.999084 0.669672
-0.056458 -0.001953 0.999695 0.673299
-0.065918 -0.005920 0.995056 0.676534
-0.063110 -0.004944 0.995178 0.679779
-0.061218 -0.006042 0.998169 0.683264
-0.069885 -0.000916 1.008484 0.686705
-0.058777 -0.003235 0.999939 0.690295
-0.064087 0.002441 1.001465 0.693559
-0.063660 -0.004944 0.989380 0.696893
-0.060608 -0.002380 0.995483 0.699990
-0.051819 0.000793 0.993958 0.703097
-0.057251 -0.001465 0.991699 0.706687
-0.054810 -0.006042 0.998291 0.709928
-0.068359 0.000427 0.989075 0.713384
-0.066528 -0.011414 0.999878 0.716796
-0.057617 0.000000 0.999939 0.720008
-0.060913 -0.011597 0.998413 0.723643
-0.065857 0.000183 1.001404 0.726852
-0.062927 -0.008728 0.992126 0.730268
-0.067078 -0.004333 0.996216 0.733477
-0.064758 -0.001953 1.001099 0.736648
-0.055664 -0.001709 1.003662 0.740191
-0.064880 -0.007141 1.003357 0.743739
-0.071167 -0.002502 0.998413 0.747664
