grav grav grav sec
initial data: -0.064636 -0.004333 0.996033
-0.063599 0.001709 0.991333 0.006394
-0.061707 0.000610 0.988220 0.009716
-0.053589 -0.005310 0.987305 0.013082
-0.061218 -0.003357 0.995483 0.016333
-0.067505 -0.011414 0.994568 0.020052
-0.064270 0.000427 0.994934 0.023385
-0.059998 -0.001038 0.997009 0.026862
-0.067139 -0.004272 1.005859 0.030946
-0.070007 -0.003235 1.001892 0.034646
-0.064758 -0.001038 0.995972 0.038316
-0.061279 -0.002930 0.994690 0.041697
-0.065308 -0.003845 0.999023 0.045031
-0.062073 -0.001770 0.995117 0.048281
-0.067444 -0.001831 0.996582 0.051980
-0.064941 -0.011841 0.988647 0.055595
-0.060547 -0.001160 0.997009 0.059073
-0.056213 -0.013367 0.999695 0.062554
-0.060852 -0.005798 0.998657 0.065722
-0.062439 -0.001892 0.994812 0.069380
-0.058655 -0.000854 0.995483 0.072808
-0.059387 -0.005249 0.989990 0.076004
-0.065186 -0.000671 0.995178 0.079365
-0.061890 -0.004395 0.992126 0.082539
-0.059998 -0.007263 0.995667 0.086110
-0.061707 -0.000244 1.003784 0.089663
-0.057739 -0.006836 0.999512 0.093162
-0.050110 -0.004578 0.990356 0.096356
-0.062683 -0.003296 0.992188 0.099558
-0.065002 -0.006226 0.996643 0.103458
-0.070984 -0.002136 0.990662 0.106714
-0.062195 -0.007202 0.998352 0.110012
-0.064331 -0.008118 0.995300 0.113206
-0.061890 -0.002625 0.994995 0.116379
-0.063538 -0.002808 1.005066 0.120395
-0.057678 -0.002197 0.997070 0.124578
-0.063171 -0.001343 1.004028 0.127893
-0.059814 0.004395 0.991089 0.131043
-0.059570 -0.000732 0.994446 0.134764
-0.060181 0.002197 0.996399 0.138364
-0.057373 -0.006409 0.995605 0.141664
-0.057861 -0.002441 1.003540 0.144888
-0.055481 -0.004700 0.993225 0.148013
-0.056946 -0.000183 1.001892 0.152150
-0.063721 -0.002930 0.997925 0.155767
-0.061218 -0.001221 1.000610 0.159586
-0.060181 -0.000671 0.999756 0.162788
-0.066711 -0.005371 0.998169 0.165966
-0.063904 -0.003296 0.996094 0.169940
-0.063416 -0.004333 0.997559 0.173333
-0.060364 0.000366 0.997314 0.176469
-0.068542 -0.009277 1.002563 0.179671
-0.058411 -0.002319 0.991638 0.182858
-0.066467 -0.002747 0.991577 0.186949
-0.065002 -0.002319 1.001465 0.190733
-0.063782 -0.004395 1.002869 0.193920
-0.059875 -0.003418 0.994751 0.197063
-0.062439 -0.006958 0.997437 0.200265
-0.066467 -0.004761 1.001465 0.204057
-0.058411 0.002747 0.999939 0.207459
-0.070068 -0.002747 1.003784 0.210662
-0.063721 0.003235 0.986023 0.213800
-0.062500 -0.003296 0.996094 0.217127
-0.055908 0.001648 1.009949 0.221109
-0.068176 -0.004639 0.996094 0.224993
-0.065063 -0.002319 1.003601 0.228209
-0.065613 -0.003418 0.996704 0.231366
-0.059021 -0.008484 0.993591 0.235106
-0.066345 0.002380 0.996460 0.238420
-0.058350 -0.005310 1.000916 0.241525
-0.058167 -0.003052 0.998108 0.244658
-0.064392 -0.003723 0.987671 0.247926
-0.063049 -0.001892 0.989380 0.251825
-0.060486 -0.000427 1.000366 0.255511
-0.067383 -0.001587 0.998291 0.258678
-0.065552 -0.009583 1.000732 0.261825
-0.068237 -0.007385 1.001282 0.264979
-0.066345 -0.009827 0.999512 0.268832
-0.064514 -0.004211 1.002319 0.272259
-0.055054 -0.001892 0.994629 0.275448
-0.058960 -0.001526 1.000610 0.278566
-0.062744 -0.004089 0.999451 0.281971
-0.063049 -0.005310 0.991821 0.285816
-0.060669 0.001587 0.995361 0.289051
-0.063782 -0.002136 0.997314 0.292226
-0.066833 -0.002625 0.997925 0.295394
-0.064514 -0.007324 0.993652 0.298548
-0.063904 -0.001160 0.992249 0.302274
-0.067566 0.001709 0.988098 0.305456
-0.065552 -0.003174 0.996094 0.308647
-0.061401 -0.003845 0.991272 0.312032
-0.064209 -0.002991 1.004639 0.315449
-0.054443 -0.010925 0.996826 0.319200
-0.071655 0.003723 0.999023 0.322435
-0.061401 -0.005310 1.010376 0.325595
-0.065430 -0.005005 0.999756 0.328723
-0.060791 -0.012085 0.998962 0.331865
-0.064636 -0.004700 0.983765 0.335381
-0.066406 -0.001526 0.987915 0.338619
-0.063782 -0.003235 1.004517 0.341969
-0.056030 -0.001282 1.004883 0.345953
-0.056885 0.000427 0.997986 0.349286
-0.067261 -0.008423 0.991699 0.352949
-0.062622 -0.008972 1.009766 0.356179
-0.062988 -0.007385 0.991699 0.359338
-0.054871 -0.005127 0.998596 0.362452
-0.062805 -0.000305 0.996948 0.365730
-0.069092 -0.003357 0.995483 0.369307
-0.068481 -0.003845 0.988708 0.372492
-0.058228 -0.009460 1.002563 0.375899
-0.072388 -0.002136 0.998596 0.379378
-0.064331 -0.012512 1.000488 0.382668
-0.071350 -0.006042 0.994385 0.386300
-0.063049 0.001221 0.998596 0.389522
-0.060242 -0.005127 0.998352 0.392712
-0.058594 -0.000977 1.002686 0.395777
-0.059082 0.001404 0.996521 0.398886
-0.061951 -0.002014 1.002197 0.402061
-0.064209 -0.000488 0.998962 0.405333
-0.058350 -0.007690 0.988281 0.409280
-0.069519 -0.002808 0.997681 0.412934
-0.061096 -0.007324 1.002686 0.416130
-0.064026 0.003296 0.997803 0.419348
-0.055359 -0.003235 0.999451 0.422492
-0.059875 -0.000916 0.991882 0.425619
-0.058289 0.000366 0.996216 0.428825
-0.056763 0.003357 0.984863 0.432604
-0.058960 0.003784 0.993835 0.436641
-0.065918 0.000549 0.991150 0.441180
-0.070129 -0.000916 0.998169 0.445095
-0.060120 -0.008484 0.984192 0.448393
-0.061035 -0.005859 0.994568 0.451954
-0.066101 -0.000793 0.997253 0.455093
-0.064209 0.000793 1.000732 0.458194
-0.064880 0.000549 1.003662 0.461451
-0.068115 -0.003296 1.003418 0.464701
-0.071716 0.000732 0.994019 0.468067
-0.060791 -0.001038 0.994019 0.471983
-0.066162 0.006775 0.997009 0.475293
-0.058594 0.000305 1.004272 0.478415
-0.061279 -0.001892 0.995728 0.481559
-0.060181 -0.000122 0.991699 0.485182
-0.067932 -0.000122 1.004150 0.488382
-0.066223 -0.007874 0.999878 0.491542
-0.066345 -0.008484 1.001831 0.494856
-0.065002 -0.005920 0.993042 0.497972
-0.067444 0.000671 0.996948 0.501872
-0.066467 0.008423 0.992554 0.505557
-0.065063 -0.002991 0.997925 0.508832
-0.064636 -0.009705 0.992615 0.512035
-0.067932 -0.000122 0.997559 0.515108
-0.059753 0.007141 0.996033 0.518666
-0.063416 -0.001770 1.001831 0.521883
-0.052429 0.002747 0.999329 0.525101
-0.056702 -0.000488 0.993469 0.528278
-0.061890 -0.005493 0.998291 0.531671
-0.058960 -0.002502 0.997681 0.535696
-0.067505 -0.001526 0.997559 0.539345
-0.063293 -0.002747 1.010864 0.542736
-0.069397 -0.001709 0.992981 0.546055
-0.053772 -0.001343 1.001343 0.549311
-0.063110 -0.001831 0.999878 0.553183
-0.067749 0.002625 0.993347 0.556758
-0.055298 -0.001526 1.001221 0.560833
-0.062317 -0.000854 0.986816 0.564201
-0.069885 0.000671 1.001404 0.568058
-0.066833 -0.002930 0.997253 0.571316
-0.057861 -0.000793 0.985596 0.574597
-0.064148 -0.000488 0.997742 0.577765
-0.064087 0.005676 0.991699 0.580874
-0.058838 -0.001282 0.990784 0.584463
-0.064880 -0.002136 0.998169 0.587742
-0.055237 0.002869 0.994934 0.590977
-0.062256 -0.002380 1.005859 0.594388
-0.065491 -0.002625 0.992554 0.597974
-0.064575 0.001221 0.996155 0.601607
-0.056885 0.002197 1.002808 0.604883
-0.064758 -0.003845 0.989075 0.608082
-0.059448 0.004272 0.996277 0.611185
-0.062439 0.002747 0.994385 0.614319
-0.057678 -0.003418 1.000977 0.618229
-0.061890 -0.005371 1.000427 0.622042
-0.069580 0.005859 0.997009 0.625519
-0.061340 0.006348 0.998840 0.628925
-0.067627 -0.000305 0.987549 0.632086
-0.057434 -0.005554 1.000977 0.635915
-0.058167 -0.003235 0.994934 0.639268
-0.063293 -0.010986 0.999329 0.642473
-0.059387 0.005188 0.997437 0.645581
-0.064270 -0.004700 0.996277 0.648716
-0.061584 -0.003601 0.992676 0.653646
-0.068176 0.003174 0.997192 0.657128
-0.055542 -0.005676 0.997742 0.660734
-0.067261 -0.003235 0.992188 0.663874
-0.055542 -0.009766 0.995239 0.667374
-0.062195 -0.004761 0.999390 0.671074
-0.062195 -0.002380 0.992004 0.674376
-0.069824 -0.002747 0.993530 0.677688
-0.061584 -0.001892 1.003052 0.681024
-0.069885 -0.000061 0.992615 0.684773
-0.060547 -0.003235 0.997803 0.688338
-0.057617 -0.008057 0.994934 0.691820
-0.068665 0.001526 1.008362 0.694989
-0.062378 -0.005554 0.999146 0.698150
-0.062988 0.002014 1.001831 0.701652
-0.054688 -0.005432 0.996765 0.704879
-0.066956 0.000305 0.982666 0.708019
-0.067749 -0.010071 0.993591 0.711209
-0.058350 -0.008789 0.987061 0.714323
-0.067993 -0.003235 0.986328 0.717672
-0.062683 -0.002502 0.995178 0.721294
-0.063538 -0.010681 1.001709 0.724655
-0.069153 0.005066 0.997559 0.727792
-0.071472 -0.009338 0.991943 0.730952
-0.068176 -0.002747 0.995544 0.734070
-0.061646 0.000977 0.993530 0.737227
-0.071289 -0.000732 0.998535 0.740366
-0.063782 -0.003845 0.999634 0.743789
-0.061523 -0.001038 0.998657 0.746940
-0.068787 -0.006714 0.995239 0.750690
-0.059082 -0.004211 0.985596 0.754236
-0.066101 0.001587 0.999146 0.757406
-0.065430 0.002136 0.991760 0.760534
-0.061523 0.001099 0.993408 0.763651
-0.075562 0.005310 0.996033 0.766888
-0.064270 -0.001526 1.000671 0.770488
-0.062927 -0.001953 0.998169 0.773674
-0.060791 -0.004150 0.998779 0.776820
-0.060181 -0.005737 1.002747 0.780219
-0.066040 -0.005493 0.996582 0.783688
-0.066895 -0.003113 1.003967 0.787192
-0.066772 -0.008484 0.999817 0.790377
-0.063049 -0.003479 0.997192 0.793528
-0.057495 0.002075 0.991882 0.796766
-0.064453 -0.007751 0.992493 0.799980
-0.067505 -0.005310 0.995300 0.803582
-0.058655 -0.007080 0.989563 0.806766
-0.065979 0.005371 0.993225 0.810106
-0.061462 -0.005493 0.986145 0.813981
-0.055481 0.003845 1.000122 0.817389
-0.066528 -0.003174 0.992920 0.820709
-0.063293 -0.000854 0.988708 0.823920
-0.068420 -0.001526 1.000488 0.827103
-0.066589 0.002258 0.996460 0.830302
-0.059021 -0.002502 0.995544 0.833513
-0.058533 -0.003296 0.998474 0.836941
-0.070679 0.000244 1.000122 0.840050
-0.058228 0.001465 0.993774 0.843323
-0.068665 -0.003967 0.992371 0.846793
-0.061829 -0.004578 0.998169 0.850055
-0.064880 -0.002808 0.998535 0.853649
-0.050415 0.002197 0.988037 0.856827
-0.054932 -0.005554 1.003418 0.859989
-0.066223 -0.009705 0.997253 0.863218
-0.058533 0.000061 1.009399 0.866325
-0.063660 -0.001587 0.997864 0.869871
-0.064941 -0.008423 1.003235 0.873305
-0.076721 0.005676 0.997070 0.876752
-0.064148 -0.005920 0.999817 0.879966
-0.066406 0.005371 0.989075 0.883086
-0.062439 -0.001404 0.991882 0.886614
-0.063416 -0.004089 0.994934 0.889842
-0.067322 -0.002197 1.003113 0.893087
-0.060181 -0.004272 0.997681 0.896315
-0.062439 -0.001404 0.999084 0.899480
-0.062317 0.004456 0.993469 0.903069
-0.066162 0.000000 0.998169 0.906524
-0.070984 -0.004700 0.990051 0.909971
-0.057983 -0.005676 0.996033 0.913163
-0.061707 0.001709 0.999939 0.916262
-0.063354 0.006348 0.994141 0.919746
-0.070618 -0.005371 1.006470 0.922969
-0.061035 -0.001526 0.997437 0.926134
-0.069641 -0.004272 1.000000 0.929282
-0.059021 -0.002808 1.002563 0.932397
-0.057800 -0.001099 1.003357 0.935776
-0.064392 0.002258 0.994080 0.939673
-0.064514 -0.000061 0.993958 0.943326
-0.059814 -0.004883 0.992310 0.946541
-0.062500 0.002136 1.000732 0.949670
-0.064697 0.000061 0.988525 0.952855
-0.071106 -0.001526 0.997192 0.956017
-0.059570 -0.004395 0.984680 0.959177
-0.063293 -0.007080 1.000183 0.962288
-0.066162 -0.001831 0.997681 0.965488
-0.059143 -0.004822 0.987671 0.968885
-0.064758 0.001160 0.999512 0.972561
-0.061035 -0.003723 0.991882 0.975811
-0.055481 -0.001648 0.996887 0.978933
-0.059692 -0.005005 0.988464 0.982075
-0.064636 -0.005005 1.005493 0.985279
-0.060120 -0.003296 0.990051 0.988451
-0.065430 -0.006958 0.998352 0.991623
-0.064819 0.002930 0.993042 0.994659
-0.064087 0.002625 0.990173 0.997891
-0.062073 -0.006653 0.994629 1.001820
-0.068298 -0.007935 0.991272 1.005424
-0.061401 -0.008423 1.000366 1.008608
-0.066162 -0.008362 0.997620 1.011758
-0.065125 0.000366 0.996216 1.014889
-0.072510 -0.000305 1.002991 1.018051
-0.063293 0.003540 1.001282 1.021196
-0.065247 0.004211 1.002808 1.024344
-0.065430 -0.002625 0.995422 1.027465
-0.054810 0.004272 0.992249 1.030863
-0.060852 -0.000427 0.997009 1.034533
-0.070862 -0.007324 0.996521 1.037753
-0.064514 -0.005005 0.999329 1.040886
-0.066040 0.000061 0.997009 1.044075
-0.063416 -0.000122 1.002136 1.047241
-0.058167 -0.002319 0.988159 1.050386
-0.059021 0.000305 0.995911 1.053525
-0.062134 0.005920 0.996826 1.056612
-0.068970 -0.003357 0.998108 1.059942
-0.068237 -0.006592 0.997559 1.063799
-0.058777 -0.001282 0.993591 1.067286
-0.057495 -0.003967 0.998108 1.070363
-0.064026 -0.009277 0.988647 1.073493
-0.063354 0.000732 1.007019 1.076586
-0.059448 -0.006104 0.991028 1.079762
-0.074097 -0.002258 0.994263 1.082916
-0.066650 -0.001709 1.000000 1.086120
-0.060120 -0.001465 1.003235 1.089252
-0.064636 -0.003052 0.992188 1.092598
-0.060181 0.000244 1.005920 1.096086
-0.053833 0.003357 0.995056 1.099500
-0.052551 -0.003418 0.998230 1.102711
-0.064331 0.000305 0.996521 1.105896
-0.060059 -0.008789 1.000366 1.109090
-0.071655 -0.004333 0.993774 1.112315
-0.061707 -0.005432 0.990662 1.115428
-0.062195 -0.001587 0.992859 1.118609
-0.062683 0.002808 0.987305 1.121698
-0.062195 -0.004700 0.998840 1.125183
-0.061951 -0.009094 0.993530 1.128754
-0.061462 -0.003601 0.996338 1.132231
-0.066833 0.001404 0.987122 1.135398
-0.063965 -0.004700 0.992004 1.138558
-0.056763 0.000427 0.994629 1.141693
-0.072388 0.002991 0.996094 1.144736
-0.060669 -0.005737 0.997131 1.147901
-0.067993 0.001526 1.006348 1.151040
-0.057983 -0.001160 0.992981 1.154176
-0.064575 0.000427 1.001709 1.157556
-0.059937 0.001343 0.992432 1.161213
-0.061096 -0.005127 0.998352 1.164454
-0.061279 -0.004456 0.996765 1.167671
-0.065552 -0.007141 1.008057 1.170868
-0.058777 -0.008850 1.004639 1.174041
-0.057434 -0.003235 0.999146 1.177131
-0.073547 -0.005310 0.984375 1.180300
-0.070251 -0.005310 0.992004 1.183421
-0.058411 -0.005859 0.999146 1.186695
-0.067688 -0.000061 0.982483 1.190613
-0.067139 -0.005127 0.993286 1.194170
-0.069214 -0.006470 0.999023 1.197292
-0.069458 -0.013855 1.001282 1.200464
-0.059326 -0.005615 0.998962 1.203609
-0.073730 -0.007935 0.995972 1.206746
-0.064758 -0.000183 0.991516 1.209890
-0.061462 -0.007141 0.994385 1.213008
-0.049500 -0.000671 0.994873 1.216145
-0.067993 0.000732 0.998108 1.219500
-0.062683 -0.001221 1.003906 1.223114
-0.055420 -0.002502 0.990356 1.226320
-0.066162 -0.002014 0.994812 1.229482
-0.060913 0.003784 0.993103 1.232621
-0.074585 0.004395 0.990662 1.235792
-0.066040 -0.002380 0.999268 1.238922
-0.069153 -0.002991 1.009216 1.242284
-0.065491 -0.004761 1.002319 1.245441
-0.064026 -0.000977 0.989990 1.248764
-0.062439 -0.009827 1.001465 1.252583
-0.061951 -0.002747 0.995117 1.256176
-0.062073 -0.005005 1.003479 1.260675
-0.063293 -0.003479 0.996582 1.263907
-0.067993 -0.005005 0.993164 1.267353
-0.062622 -0.003906 0.988770 1.270907
-0.066040 -0.001038 1.003296 1.274122
-0.059143 -0.007751 1.001526 1.277276
-0.069885 -0.004700 0.996948 1.280647
-0.064331 0.009460 1.002014 1.284240
-0.059753 0.000793 0.996948 1.287731
-0.067505 -0.002136 0.989319 1.290991
-0.056152 0.000610 0.991089 1.294158
-0.070068 0.000793 0.989441 1.297220
-0.057861 -0.007996 0.997925 1.300578
-0.063171 0.001526 0.996643 1.304174
-0.062744 -0.001160 0.998962 1.307375
-0.067322 0.002930 1.000061 1.310627
-0.068787 -0.000122 1.001221 1.314500
-0.064087 -0.000366 0.999084 1.318383
-0.060852 0.002991 0.998779 1.321820
-0.061096 -0.004028 0.992798 1.325012
-0.063965 -0.003479 0.993286 1.328067
-0.061218 -0.003784 1.003174 1.331212
-0.062073 -0.007935 1.001770 1.334996
-0.062988 -0.009155 1.006470 1.338469
-0.066711 -0.002197 0.998596 1.341848
-0.062073 0.002930 0.994141 1.345626
-0.066162 -0.005005 0.999329 1.348881
-0.060791 -0.004944 0.999939 1.352743
-0.063721 -0.005676 0.992554 1.356138
-0.071167 0.005249 1.001038 1.359261
-0.062561 0.004333 0.993286 1.362344
-0.064148 0.005859 0.997192 1.365464
-0.059387 -0.004150 0.996277 1.369168
-0.056946 -0.004700 0.994385 1.372657
-0.062195 0.005432 0.988892 1.376531
-0.057495 -0.001953 1.003174 1.379737
-0.063049 -0.003723 0.995850 1.382910
-0.071716 -0.005249 1.001038 1.386667
-0.060730 0.001221 1.001404 1.389969
-0.058777 0.001892 0.997498 1.393110
-0.060364 -0.010681 0.990417 1.396266
-0.059387 0.000183 0.996033 1.399404
-0.067505 0.002014 1.002441 1.403294
-0.069214 -0.006104 0.998230 1.406758
-0.064941 -0.009888 0.996216 1.410129
-0.065552 0.001465 1.005798 1.413317
-0.061340 -0.002747 0.996155 1.416454
-0.063843 -0.001526 0.997925 1.420209
-0.059814 -0.003601 0.997437 1.423494
-0.061401 -0.001831 0.997498 1.426660
-0.070190 -0.004944 0.994934 1.429803
-0.067749 -0.001953 0.995667 1.432939
-0.064575 -0.005981 0.998962 1.436802
-0.061218 0.001709 1.001282 1.441582
-0.068176 -0.002075 0.995972 1.444902
-0.059448 -0.000732 0.993469 1.448066
-0.065857 0.002075 1.000000 1.451781
-0.066101 0.000977 1.007812 1.455223
-0.068420 0.002380 0.997009 1.458362
