grav grav grav sec
initial data: -0.072144 -0.074829 1.011169
-0.066284 -0.073425 1.001892 0.003817
-0.059692 -0.075500 1.006409 0.007105
-0.062561 -0.076416 1.002625 0.010330
-0.076904 -0.068298 0.999756 0.013534
-0.070557 -0.074951 1.001831 0.016694
-0.065491 -0.083374 1.007019 0.020295
-0.062927 -0.070190 1.008240 0.024535
-0.063110 -0.078186 1.011047 0.028201
-0.058777 -0.079712 1.000427 0.031979
-0.067261 -0.078979 1.009277 0.036559
-0.062683 -0.080017 1.000244 0.039792
-0.065857 -0.078491 1.002075 0.043013
-0.065857 -0.073120 0.999146 0.046221
-0.062256 -0.069824 1.010071 0.049391
-0.067078 -0.080750 1.007874 0.052796
-0.062683 -0.071411 1.003723 0.056271
-0.066772 -0.072754 1.007019 0.060526
-0.061951 -0.078918 0.993958 0.064106
-0.064514 -0.085327 0.997375 0.067455
-0.057800 -0.075256 1.002380 0.071021
-0.060852 -0.074463 1.004761 0.074222
-0.059692 -0.075562 0.994263 0.077570
-0.058960 -0.077454 0.999878 0.080900
-0.068542 -0.084045 1.014221 0.084210
-0.066467 -0.080017 1.009705 0.090569
-0.055542 -0.075073 0.999084 0.094566
-0.069031 -0.077515 1.003174 0.098002
-0.067444 -0.072021 1.000610 0.101396
-0.064636 -0.072205 1.001221 0.104712
-0.064148 -0.077271 0.999084 0.107951
-0.057617 -0.073669 1.008301 0.111324
-0.061646 -0.082520 1.004028 0.114680
-0.067505 -0.080322 1.016541 0.120410
-0.065674 -0.079468 1.007385 0.124431
-0.069458 -0.081055 0.999023 0.127726
-0.074463 -0.068970 1.001221 0.130940
-0.068054 -0.078735 1.007202 0.134154
-0.067200 -0.080200 1.006409 0.137405
-0.059448 -0.077148 1.001648 0.140589
-0.064880 -0.073120 1.005066 0.143760
-0.065796 -0.080872 1.000061 0.146907
-0.064636 -0.077087 0.999512 0.150245
-0.059814 -0.075928 1.005676 0.153852
-0.062439 -0.072144 1.000916 0.157447
-0.069397 -0.067078 1.010071 0.160662
-0.066101 -0.074158 1.002686 0.163856
-0.067810 -0.079041 1.010803 0.167038
-0.069153 -0.077454 1.006409 0.170264
-0.067505 -0.070984 1.006226 0.173379
-0.061890 -0.073914 1.011475 0.176540
-0.065552 -0.084473 0.998657 0.179688
-0.055298 -0.078064 1.006104 0.183146
-0.062744 -0.078003 1.004150 0.186869
-0.075867 -0.071167 1.006592 0.190036
-0.055847 -0.075562 1.001892 0.193211
-0.064148 -0.076233 1.008240 0.196372
-0.062317 -0.071838 1.001953 0.199520
-0.067200 -0.067993 1.005066 0.202718
-0.069336 -0.080261 0.995056 0.205919
-0.070679 -0.074890 1.011597 0.208982
-0.065918 -0.078308 1.008484 0.212353
-0.068970 -0.075928 0.997681 0.216324
-0.060913 -0.076904 1.013184 0.220166
-0.064697 -0.077271 1.000183 0.223436
-0.056580 -0.069519 1.005798 0.226673
-0.054565 -0.075012 1.006836 0.229849
-0.058777 -0.079529 0.999512 0.232970
-0.053345 -0.074280 1.003174 0.236167
-0.053894 -0.073547 1.002563 0.239340
-0.068909 -0.075317 1.005981 0.242496
-0.065308 -0.070374 1.004517 0.245865
-0.067810 -0.075317 1.000366 0.249568
-0.060730 -0.080200 1.011414 0.252818
-0.064697 -0.071777 1.002319 0.255976
-0.062439 -0.072571 1.002014 0.259119
-0.061279 -0.078918 0.989502 0.262263
-0.069031 -0.072449 1.009216 0.265416
-0.064270 -0.073975 1.006592 0.268599
-0.061218 -0.077637 1.002563 0.271768
-0.060120 -0.081604 1.005249 0.274961
-0.055115 -0.075500 1.006165 0.278882
-0.061218 -0.079834 1.004028 0.282553
-0.063782 -0.076904 1.004944 0.285817
-0.060852 -0.073242 1.007935 0.289020
-0.062439 -0.074463 1.002625 0.292176
-0.058472 -0.073853 1.010864 0.295377
-0.061768 -0.082336 0.997498 0.298541
-0.061768 -0.070129 1.004333 0.301734
-0.056885 -0.083801 1.005859 0.304883
-0.059692 -0.079285 1.007019 0.308382
-0.069092 -0.077942 0.997253 0.312162
-0.058594 -0.076233 0.998169 0.315399
-0.063904 -0.075073 1.005493 0.318555
-0.064636 -0.079285 1.008850 0.321727
-0.068298 -0.076965 1.002747 0.324905
-0.061768 -0.085327 1.004639 0.328082
-0.066711 -0.077515 1.002014 0.331256
-0.063110 -0.078186 0.999146 0.334554
-0.057983 -0.083374 1.011719 0.338012
-0.061340 -0.073608 1.000427 0.341479
-0.059143 -0.080200 1.002625 0.344991
-0.057007 -0.075500 0.998169 0.348191
-0.068604 -0.079346 0.999207 0.351355
-0.068787 -0.078857 1.009277 0.354513
-0.067017 -0.077881 1.007874 0.357693
-0.064636 -0.075867 1.011230 0.360860
-0.065674 -0.077698 1.012817 0.364088
-0.063110 -0.085754 1.012512 0.367228
-0.067078 -0.073181 1.004028 0.370546
-0.059937 -0.074219 0.999329 0.374238
-0.062744 -0.070801 0.997498 0.377487
-0.066406 -0.084106 1.009033 0.380661
-0.064941 -0.073914 1.001465 0.383817
-0.062866 -0.075073 1.004211 0.387034
-0.067505 -0.076721 1.002808 0.390175
-0.061951 -0.080200 1.001038 0.393332
-0.064453 -0.075989 1.003723 0.396480
-0.057617 -0.081482 1.006226 0.399749
-0.064331 -0.077820 0.998169 0.403732
-0.066406 -0.073669 1.003540 0.407393
-0.069397 -0.077393 1.005066 0.410640
-0.064636 -0.077881 1.002808 0.413777
-0.062622 -0.073303 0.999939 0.416931
-0.064453 -0.076904 1.000732 0.420108
-0.066406 -0.068298 1.009644 0.423272
-0.057556 -0.080200 1.009155 0.426412
-0.065918 -0.076416 1.004089 0.429600
-0.070312 -0.078735 1.004333 0.433051
-0.066956 -0.079163 1.004395 0.436764
-0.066956 -0.076599 1.000671 0.440041
-0.068481 -0.078186 1.007751 0.443233
-0.062805 -0.076721 1.007202 0.446392
-0.067932 -0.080505 0.999451 0.449547
-0.067261 -0.075073 1.000122 0.452803
-0.070862 -0.076782 1.003418 0.455981
-0.059692 -0.076721 1.002319 0.459178
-0.054382 -0.073242 1.001526 0.462583
-0.059265 -0.073303 1.002136 0.466236
-0.058533 -0.078552 1.006042 0.469650
-0.056519 -0.075867 1.001648 0.472889
-0.069275 -0.076721 1.000793 0.476175
-0.065857 -0.079285 0.995789 0.479409
-0.065369 -0.071838 1.006897 0.482590
-0.054321 -0.081482 1.001099 0.485810
-0.066956 -0.080261 1.009521 0.488984
-0.064331 -0.072876 1.000305 0.492272
-0.062073 -0.073181 1.000183 0.496282
-0.069458 -0.075989 1.006226 0.499970
-0.065735 -0.069214 1.006409 0.503270
-0.064880 -0.083557 0.994080 0.506493
-0.066406 -0.075134 1.006653 0.509740
-0.060120 -0.072021 1.001465 0.512940
-0.064453 -0.077271 1.001221 0.516192
-0.058838 -0.073242 0.995605 0.519412
-0.064392 -0.082581 1.002563 0.522813
-0.058655 -0.080566 1.004272 0.526297
-0.064148 -0.072327 1.015137 0.530139
-0.059692 -0.076050 0.995789 0.533603
-0.066162 -0.075073 1.002747 0.537480
-0.065002 -0.073181 1.001526 0.540936
-0.062622 -0.078613 1.003174 0.544266
-0.060547 -0.075806 1.004089 0.547870
-0.075317 -0.080566 1.005859 0.551373
-0.066040 -0.071350 1.012451 0.558565
-0.069092 -0.081299 0.991699 0.561996
-0.057983 -0.078918 1.002930 0.565245
-0.063904 -0.081421 0.995972 0.568816
-0.074280 -0.072693 1.003418 0.572096
-0.064331 -0.069336 0.996338 0.575289
-0.068481 -0.075317 0.995239 0.578672
-0.065552 -0.067993 1.013611 0.581914
-0.055298 -0.076599 1.010315 0.585355
-0.060120 -0.080383 1.002991 0.588944
-0.064758 -0.088867 1.008911 0.592482
-0.071228 -0.081909 1.006470 0.595874
-0.063843 -0.075439 0.993958 0.599056
-0.058472 -0.079346 1.007446 0.602678
-0.059204 -0.076050 1.008850 0.605922
-0.064026 -0.074646 1.001221 0.609087
-0.055664 -0.072571 1.002319 0.612437
-0.067993 -0.068787 0.997314 0.615596
-0.069946 -0.077881 1.011719 0.619369
-0.061340 -0.074219 0.995972 0.623369
-0.061035 -0.080933 1.002014 0.626768
-0.055542 -0.076538 1.004211 0.629991
-0.058777 -0.078186 1.013000 0.633129
-0.065796 -0.075562 1.004578 0.636755
-0.057861 -0.075684 1.004333 0.640018
-0.068115 -0.075439 1.005859 0.643364
-0.066650 -0.078247 1.008057 0.646529
-0.064758 -0.073181 1.006104 0.649868
-0.060364 -0.084351 1.001526 0.653629
-0.065918 -0.077637 1.006531 0.657176
-0.069397 -0.079041 1.011230 0.660525
-0.066040 -0.080200 1.009033 0.663708
-0.062256 -0.081970 1.004089 0.666848
-0.066956 -0.083069 1.001526 0.670452
-0.067505 -0.084717 1.001526 0.673694
-0.067810 -0.076111 1.000977 0.676792
-0.069946 -0.077332 1.010010 0.680144
-0.065918 -0.089233 1.004639 0.684075
-0.063599 -0.079163 1.015747 0.687690
-0.057190 -0.079285 0.997681 0.690901
-0.060425 -0.075928 1.003174 0.694049
-0.064148 -0.074402 1.003296 0.697322
-0.067017 -0.077454 1.010254 0.700467
-0.065979 -0.083984 1.004272 0.703701
-0.067749 -0.074036 1.002441 0.707458
-0.063416 -0.074890 1.002930 0.710707
-0.073120 -0.072815 0.999451 0.714066
-0.058960 -0.079895 1.001465 0.717524
-0.054810 -0.078064 1.008911 0.721098
-0.062744 -0.071594 1.010925 0.724559
-0.065857 -0.072998 1.000549 0.727769
-0.068665 -0.077454 0.997925 0.731107
-0.062622 -0.080078 1.004578 0.734297
-0.066833 -0.084717 1.008728 0.738080
-0.071228 -0.079224 0.999451 0.741397
-0.068237 -0.076233 1.008606 0.744898
-0.056152 -0.070801 0.999939 0.748264
-0.069458 -0.073853 1.006836 0.751670
-0.072876 -0.079163 1.001892 0.755232
-0.060547 -0.072205 0.999939 0.758425
-0.061279 -0.078735 1.000244 0.761596
-0.059692 -0.072937 1.005676 0.764749
-0.066101 -0.082092 1.009216 0.768059
-0.065369 -0.081848 1.011353 0.771582
-0.074219 -0.073608 1.006409 0.774955
-0.059570 -0.080200 0.997192 0.778392
-0.060120 -0.076172 0.995972 0.781630
-0.062317 -0.079773 1.002075 0.785131
-0.069397 -0.070679 1.000000 0.788569
-0.068176 -0.082275 1.003479 0.791752
-0.066772 -0.075134 1.002136 0.794873
-0.060059 -0.075745 0.992859 0.798030
-0.067200 -0.079285 1.001099 0.801336
-0.060242 -0.069641 1.000732 0.804913
-0.061890 -0.073303 1.009766 0.808448
-0.068298 -0.071838 1.008606 0.811991
-0.059021 -0.075806 1.002869 0.815162
-0.062988 -0.079407 0.997620 0.818915
-0.074402 -0.075806 1.000854 0.822227
-0.070557 -0.079468 1.002136 0.825316
-0.069092 -0.078857 1.009888 0.828477
-0.069153 -0.074951 1.013000 0.831651
-0.064087 -0.075012 0.999634 0.835370
-0.067505 -0.083435 1.010864 0.839087
-0.053101 -0.076721 1.007141 0.842474
-0.065002 -0.077087 1.002502 0.845660
-0.071655 -0.078247 1.008911 0.848852
-0.063110 -0.073059 1.005859 0.852614
-0.070496 -0.077515 1.003845 0.855906
-0.058105 -0.079651 0.996887 0.859119
-0.064697 -0.075500 1.003540 0.862226
-0.065308 -0.077209 0.998596 0.865430
-0.058594 -0.078491 1.001526 0.869391
-0.065308 -0.078308 1.007935 0.873478
-0.063721 -0.070068 1.005615 0.876782
-0.060181 -0.072205 0.988647 0.879978
-0.076111 -0.072510 0.999695 0.883171
-0.070190 -0.071167 1.008484 0.886801
-0.068848 -0.075745 1.013611 0.890040
-0.062988 -0.076050 1.012573 0.893211
-0.067932 -0.078918 1.008667 0.896390
-0.062561 -0.074951 1.005798 0.899825
-0.057495 -0.076599 1.001526 0.903515
-0.064941 -0.066589 1.009583 0.907035
-0.064880 -0.081055 0.997314 0.910246
-0.062195 -0.076477 1.001892 0.913422
-0.063538 -0.072021 1.012329 0.916613
-0.054565 -0.074707 1.000427 0.920212
-0.070679 -0.078430 0.999939 0.923425
-0.065247 -0.073242 1.012573 0.926569
-0.068176 -0.076233 1.008118 0.929925
-0.058899 -0.077637 0.997009 0.933812
-0.063782 -0.080383 1.004883 0.937405
-0.060425 -0.077881 1.008362 0.940638
-0.064575 -0.076965 1.002136 0.943790
-0.065186 -0.080200 1.014587 0.947038
-0.067993 -0.073792 1.006775 0.950246
-0.065491 -0.070923 1.008423 0.953834
-0.064331 -0.072266 1.006104 0.957043
-0.064819 -0.073059 1.002014 0.960258
-0.066406 -0.077637 1.007263 0.963724
-0.062744 -0.076355 1.006287 0.967097
-0.064270 -0.084290 1.006653 0.970693
-0.067078 -0.075012 1.010803 0.973902
-0.065063 -0.082397 1.003906 0.977092
-0.066162 -0.074585 1.010010 0.980280
-0.059814 -0.076599 1.007385 0.983442
-0.070923 -0.069153 1.003235 0.986664
-0.069458 -0.080383 1.003052 0.989815
-0.066711 -0.080200 1.005493 0.993197
-0.060913 -0.077881 1.007690 0.996927
-0.058289 -0.073181 0.997131 1.000388
-0.066833 -0.077271 1.003479 1.004042
-0.074768 -0.072571 1.004089 1.007276
-0.061584 -0.069397 1.004639 1.010421
-0.066711 -0.080261 1.004028 1.013595
-0.060364 -0.080505 1.007690 1.016703
-0.071045 -0.076782 0.997742 1.020295
-0.057373 -0.079773 1.007874 1.023706
-0.061340 -0.072388 1.004822 1.027631
-0.069519 -0.076172 1.018799 1.030893
-0.069031 -0.076355 1.003662 1.034084
-0.059631 -0.082092 1.002747 1.037848
-0.064331 -0.080811 1.003418 1.041119
-0.061279 -0.077087 1.010925 1.044374
-0.063171 -0.076294 0.995483 1.047546
-0.063599 -0.077332 1.010925 1.050739
-0.061584 -0.076904 1.002869 1.054368
-0.071960 -0.077087 1.009766 1.057987
-0.069336 -0.072754 1.005249 1.061450
-0.065674 -0.072388 1.007996 1.064655
-0.067810 -0.072998 1.010132 1.067896
-0.072632 -0.078735 1.001587 1.071528
-0.058594 -0.075500 1.006531 1.074889
-0.066895 -0.081848 1.000977 1.078080
-0.061096 -0.075867 0.994873 1.081231
-0.061768 -0.072998 1.006714 1.084443
-0.062500 -0.072632 1.004089 1.088465
-0.061951 -0.074829 1.005676 1.092099
-0.071655 -0.078552 1.008057 1.095343
-0.057068 -0.073608 1.002502 1.098506
-0.065308 -0.076599 1.003784 1.102154
-0.070129 -0.074280 1.006653 1.105436
-0.064941 -0.079041 1.009705 1.108632
-0.065491 -0.073242 1.009399 1.111805
-0.068115 -0.075684 1.005920 1.114982
-0.068115 -0.076599 1.009888 1.118300
-0.064087 -0.069763 0.998108 1.121696
-0.061951 -0.070068 1.009216 1.125616
-0.062500 -0.070190 1.012451 1.128847
-0.060364 -0.068237 1.001465 1.132034
-0.062134 -0.069702 1.004333 1.135231
-0.060486 -0.081604 0.998596 1.138398
-0.067566 -0.070801 0.999146 1.141559
-0.065979 -0.081055 1.001282 1.144657
-0.054199 -0.071350 1.005127 1.147806
-0.062805 -0.072205 1.003662 1.151143
-0.059937 -0.077576 1.000671 1.155062
-0.057800 -0.078979 1.008606 1.158679
-0.067444 -0.077209 1.008606 1.161862
-0.065735 -0.078064 1.001648 1.164927
-0.073975 -0.075623 1.007263 1.168129
-0.069946 -0.074219 1.004761 1.171271
-0.065735 -0.073486 1.009888 1.174431
-0.066162 -0.076660 1.007019 1.177587
-0.056213 -0.076782 1.000977 1.180734
-0.068054 -0.076172 1.005066 1.184219
-0.064758 -0.083740 1.007935 1.187967
-0.065125 -0.068909 1.007629 1.191218
-0.067261 -0.079529 1.002869 1.194390
-0.059692 -0.076294 1.003906 1.197458
-0.061829 -0.071289 1.007751 1.200585
-0.063782 -0.075317 1.000977 1.203780
-0.067505 -0.069885 1.003662 1.206931
-0.059937 -0.079102 1.000122 1.210113
-0.065186 -0.079590 0.997375 1.213457
-0.067566 -0.074829 0.999146 1.217419
-0.063354 -0.081848 1.004456 1.221033
-0.060425 -0.084717 1.002930 1.224249
-0.065308 -0.072693 1.006348 1.227411
-0.057983 -0.079102 1.004639 1.230605
-0.064941 -0.075073 1.000000 1.233827
-0.059448 -0.073608 0.997437 1.237380
-0.059082 -0.072693 1.005859 1.240544
-0.062683 -0.066101 1.009644 1.243701
-0.062012 -0.068787 1.004822 1.247167
-0.062256 -0.077515 1.004150 1.250552
-0.069641 -0.066589 1.007446 1.254175
-0.061035 -0.077515 1.002686 1.257382
-0.061890 -0.073364 1.002441 1.260525
-0.072998 -0.070801 0.998108 1.263624
-0.064819 -0.084595 1.011902 1.266861
-0.060852 -0.074463 1.005920 1.270463
-0.068909 -0.071228 1.005066 1.273637
-0.063354 -0.068909 0.993164 1.276997
-0.063904 -0.083557 1.007019 1.280480
-0.060608 -0.074402 1.007996 1.283738
-0.070862 -0.076172 1.004883 1.287369
-0.070129 -0.081970 0.999268 1.290546
-0.058167 -0.072021 1.007996 1.293737
-0.068176 -0.075867 1.006958 1.296913
-0.073792 -0.079468 1.006287 1.300100
-0.055847 -0.070923 1.000122 1.303315
-0.059814 -0.082703 1.010315 1.306468
-0.064392 -0.072449 0.997009 1.309825
-0.065735 -0.077271 1.009155 1.313510
-0.065552 -0.073181 1.014221 1.316751
-0.070068 -0.076538 1.010193 1.319991
-0.062500 -0.068176 0.996399 1.323164
-0.061890 -0.076233 0.998596 1.326320
-0.059937 -0.072449 1.010376 1.329500
-0.069275 -0.068115 1.003906 1.332587
-0.057495 -0.079834 1.003601 1.335708
-0.070679 -0.068909 1.008118 1.339062
-0.070496 -0.074341 1.006958 1.342866
-0.063721 -0.071960 1.005066 1.346510
-0.065002 -0.071472 1.004395 1.349655
-0.062744 -0.075195 1.010132 1.352865
-0.063538 -0.076233 1.004456 1.356084
-0.062256 -0.079285 1.004028 1.359166
-0.065430 -0.074585 1.001953 1.362291
-0.065857 -0.074707 0.998291 1.365470
-0.063354 -0.073120 1.005005 1.368618
-0.063049 -0.070557 1.001892 1.372114
-0.063171 -0.081848 1.013000 1.375749
-0.070190 -0.073059 1.009827 1.378994
-0.065491 -0.071655 1.006470 1.382155
-0.057617 -0.078552 1.000183 1.385380
-0.067261 -0.074463 0.998596 1.388524
-0.057800 -0.078796 0.999207 1.391692
-0.062622 -0.072205 1.014404 1.395293
-0.060181 -0.082947 1.014343 1.398553
-0.063354 -0.078186 0.995422 1.401960
-0.064514 -0.070984 1.009521 1.405528
-0.059021 -0.076416 1.009399 1.408805
-0.068726 -0.077087 1.012756 1.412093
-0.062073 -0.071716 1.007446 1.415279
-0.068176 -0.070984 1.001160 1.418931
-0.054199 -0.074036 1.003418 1.422183
-0.061218 -0.068176 0.996460 1.425303
-0.067749 -0.074768 0.995728 1.428476
-0.067871 -0.073853 1.009460 1.431807
-0.056458 -0.080383 1.000977 1.435669
-0.057129 -0.080933 1.015198 1.439286
-0.063110 -0.073181 1.012268 1.442516
