-0.068604 -0.002136 0.995117 0.003870
-0.060913 0.002808 0.989319 0.007215
-0.070190 0.006104 0.999634 0.010442
-0.060730 0.001343 0.992737 0.015609
-0.061523 -0.000732 1.001831 0.019173
-0.063110 -0.000244 1.001160 0.022899
-0.063416 -0.005127 0.991333 0.027535
-0.067688 -0.003967 1.005310 0.031582
-0.055481 -0.009949 0.999573 0.035562
-0.061768 -0.001099 1.000549 0.039100
-0.063599 0.001038 0.992676 0.042402
-0.067078 -0.001099 1.001282 0.046609
-0.062500 -0.002808 1.001465 0.050119
-0.064148 0.001038 0.999878 0.053298
-0.062439 0.005188 0.996643 0.056591
-0.057556 -0.003174 0.996338 0.060024
-0.067078 0.000977 0.992004 0.063932
-0.062195 0.000305 0.993164 0.068296
-0.058167 -0.012207 0.993408 0.071923
-0.062256 -0.002869 1.002747 0.075289
-0.060852 -0.002319 1.001282 0.079605
-0.068787 0.001770 0.991943 0.083184
-0.063538 -0.001892 0.997742 0.086704
-0.066284 -0.000488 0.997925 0.090113
-0.061462 0.003296 0.997009 0.094294
-0.063843 0.002441 0.999207 0.098816
-0.063232 -0.003357 0.994995 0.102602
-0.067017 0.001282 1.001892 0.105846
-0.056702 -0.008606 1.000610 0.108983
-0.067322 -0.001343 0.991394 0.112632
-0.064819 -0.002869 0.993958 0.116100
-0.064636 0.001038 0.993042 0.119390
-0.068054 0.003296 1.002625 0.122805
-0.065002 -0.003906 0.999939 0.126342
-0.059814 -0.006165 0.987061 0.130817
-0.060120 -0.007751 0.987854 0.134400
-0.060608 -0.000610 0.995300 0.137724
-0.067139 -0.004883 0.994629 0.140878
-0.065430 0.003357 0.997131 0.144033
-0.061829 0.001770 0.993286 0.147786
-0.059631 0.002563 0.993469 0.151103
-0.060791 -0.003967 0.992676 0.154476
-0.065430 0.001404 0.994141 0.157914
-0.064087 0.002258 0.998230 0.161246
-0.060303 -0.007141 0.992737 0.165088
-0.061584 -0.004883 0.994568 0.168580
-0.058105 0.002625 0.997437 0.171857
-0.072815 0.001892 0.998718 0.175117
-0.062500 -0.001587 0.995972 0.178907
-0.059814 0.004150 0.993347 0.182431
-0.056763 -0.000854 0.993835 0.185959
-0.063843 -0.002380 0.995483 0.189448
-0.060059 -0.000549 0.992676 0.192626
-0.061096 -0.005188 0.999390 0.196404
-0.058472 0.001892 0.996704 0.199861
-0.063354 -0.002441 0.992798 0.203080
-0.064575 0.001953 1.001953 0.206215
-0.056335 0.000488 1.001709 0.209270
-0.071960 -0.001831 0.991333 0.213040
-0.062439 0.002686 0.995361 0.216519
-0.070618 -0.000977 0.993713 0.220443
-0.056396 -0.004333 0.990662 0.223741
-0.064941 -0.001404 0.999023 0.226902
-0.057617 0.001953 0.998413 0.231178
-0.065063 -0.003418 0.997986 0.234859
-0.061584 -0.000854 0.997192 0.238256
-0.062256 -0.000854 0.995483 0.241614
-0.067261 -0.004150 0.995972 0.245317
-0.069336 -0.000427 0.990662 0.249420
-0.060242 -0.002441 1.000244 0.253548
-0.068176 -0.001160 0.995972 0.257041
-0.069336 -0.001465 1.001892 0.260511
-0.064026 0.003906 0.989624 0.264358
-0.062439 -0.007019 1.003479 0.267778
-0.060181 -0.002441 0.992188 0.271106
-0.057373 -0.006409 0.994446 0.274391
-0.069824 -0.002258 1.003601 0.277717
-0.064392 0.003967 0.996887 0.282382
-0.065552 0.000244 0.993408 0.285885
-0.060730 0.005676 0.990784 0.289041
-0.063354 0.006042 1.001099 0.292150
-0.057068 0.003601 1.004395 0.295837
-0.064331 -0.004150 0.998901 0.299152
-0.061768 -0.003418 0.993286 0.302334
-0.058044 -0.003723 0.992432 0.305430
-0.062439 0.000610 0.996643 0.308523
-0.064270 -0.003113 0.995972 0.312434
-0.062683 -0.002380 0.991943 0.316128
-0.066772 0.000854 0.990906 0.319285
-0.067505 -0.001038 0.994995 0.322440
-0.064636 -0.001099 0.990173 0.325555
-0.061096 -0.001892 0.991089 0.329233
-0.065735 0.000610 0.997986 0.332609
-0.071106 -0.002441 0.985168 0.335757
-0.065308 0.002380 1.004272 0.338906
-0.066101 0.002502 0.990417 0.342277
-0.069702 0.005005 0.985840 0.346061
-0.061523 0.000977 1.000610 0.349470
-0.069702 0.002502 0.996521 0.352645
-0.066284 -0.002075 0.988159 0.355773
-0.057434 -0.001709 0.992126 0.359038
-0.061951 0.000366 0.994873 0.362650
-0.064819 0.001648 1.008240 0.365858
-0.058350 -0.007629 0.998535 0.369014
-0.067261 -0.001892 0.993469 0.372337
-0.073486 -0.000244 0.996094 0.376364
-0.065979 -0.004639 0.993958 0.379984
-0.059570 0.000122 0.996277 0.383184
-0.060059 -0.008667 0.997009 0.386320
-0.059937 -0.003784 1.000488 0.389435
-0.072021 -0.001892 0.998657 0.392698
-0.063416 -0.005188 0.994141 0.396227
-0.061096 -0.000427 1.000977 0.399430
-0.062439 -0.001404 0.992249 0.402558
-0.062195 -0.001831 0.994568 0.406006
-0.060547 0.000244 0.999084 0.409369
-0.067688 -0.003479 0.992371 0.412989
-0.064087 -0.003235 0.994751 0.416252
-0.053650 -0.002075 0.997070 0.419433
-0.068115 0.001221 1.004761 0.422556
-0.064575 -0.000671 1.001587 0.425709
-0.065613 0.001099 1.000732 0.428845
-0.073547 -0.002319 0.996216 0.431965
-0.063171 0.002991 1.007751 0.435209
-0.065979 -0.002502 0.994934 0.439092
-0.061951 -0.000549 1.000793 0.442819
-0.057068 0.001770 0.999634 0.446058
-0.066345 -0.004395 0.999146 0.449229
-0.061157 -0.001160 0.999573 0.452409
-0.066589 0.002258 0.996155 0.456020
-0.065613 -0.007324 1.000061 0.459262
-0.065918 0.000427 0.998291 0.462420
-0.070007 0.006531 0.995789 0.465548
-0.069458 0.004639 0.988953 0.468892
-0.072754 0.006226 0.999084 0.472646
-0.064392 -0.007385 1.002319 0.475876
-0.067139 0.001709 0.999878 0.479375
-0.059753 -0.003296 1.002930 0.482593
-0.069092 -0.001648 0.995544 0.485769
-0.060059 0.002380 0.991577 0.489021
-0.068176 0.004028 0.996582 0.492165
-0.061035 -0.004578 1.002136 0.495449
-0.059937 -0.003296 1.001648 0.498878
-0.065552 -0.006042 0.987427 0.502417
-0.065063 -0.000916 0.997070 0.505728
-0.068359 0.001831 0.996216 0.508840
-0.062012 -0.000793 0.987366 0.512518
-0.066528 0.006653 0.995850 0.515717
-0.062866 0.000000 0.990540 0.518951
-0.061707 -0.006226 0.994995 0.522121
-0.053345 0.001160 1.005981 0.525239
-0.057251 -0.001343 1.001343 0.528600
-0.065369 -0.000061 0.998047 0.532336
-0.057129 -0.001953 0.992371 0.536115
-0.066467 -0.007080 0.996704 0.539270
-0.058472 -0.003540 0.997437 0.542464
-0.058228 -0.006348 0.993713 0.546330
-0.062927 -0.006042 0.998779 0.549541
-0.064087 -0.001892 0.994202 0.554600
-0.072449 0.003296 0.997253 0.557735
-0.054565 -0.008972 0.995483 0.562512
-0.058960 -0.003845 0.994751 0.566666
-0.065491 0.001343 0.997803 0.569899
-0.071289 0.005798 0.991943 0.573035
-0.065430 -0.000427 0.996826 0.576158
-0.068115 0.000305 0.993286 0.579625
-0.063110 -0.000122 0.994629 0.582915
-0.065002 0.002563 0.995850 0.586066
-0.059448 -0.000244 0.993652 0.589211
-0.065430 0.003235 1.001526 0.592556
-0.061890 -0.001709 0.995850 0.596166
-0.064453 0.000305 0.995239 0.599632
-0.061096 -0.007874 0.996765 0.602816
-0.066589 -0.005310 0.999878 0.605950
-0.061462 -0.004272 0.993530 0.609085
-0.060913 -0.004395 0.989075 0.612547
-0.067993 0.004761 0.994385 0.615766
-0.065674 -0.001587 0.996277 0.618903
-0.064148 0.000549 0.997009 0.621964
-0.077759 -0.003784 0.999939 0.625339
-0.067200 -0.008789 0.991760 0.629015
-0.059814 -0.003113 0.998169 0.632287
-0.068787 -0.005188 1.007141 0.635417
-0.059204 -0.006897 1.002991 0.638590
-0.070251 0.001465 1.003479 0.641722
-0.065125 -0.000122 0.988953 0.644832
-0.070068 -0.005493 0.997742 0.647987
-0.070312 0.000000 0.999756 0.651102
-0.065430 0.002197 0.995605 0.654377
-0.057373 -0.004089 0.994019 0.658354
-0.059937 0.000549 0.996155 0.661940
-0.061584 0.000427 0.990173 0.665109
-0.070129 0.000305 0.995422 0.668244
-0.068420 0.003296 0.990601 0.671368
-0.065796 -0.000977 0.996765 0.674509
-0.059143 -0.003479 0.994324 0.677659
-0.066406 -0.000732 0.994507 0.680860
-0.064270 -0.001709 0.992737 0.684004
-0.059265 0.003906 0.997498 0.687398
-0.069336 -0.009888 0.993286 0.691068
-0.071045 -0.003113 1.008911 0.694387
-0.063293 -0.000427 0.997986 0.697978
-0.061584 -0.006958 0.991760 0.701232
-0.061279 -0.000610 0.993652 0.704385
-0.065247 -0.005920 0.996521 0.707526
-0.065308 0.001709 0.996399 0.710734
-0.063354 -0.001831 0.991943 0.713989
-0.060486 0.007446 0.988098 0.717348
-0.061523 -0.006226 0.991943 0.720790
-0.068665 -0.003296 1.002747 0.723989
-0.058899 -0.002808 1.005066 0.727139
-0.058533 -0.005188 1.001709 0.730755
-0.071472 0.001892 0.993713 0.733956
-0.066101 0.000183 0.994019 0.737182
-0.053284 -0.001343 0.997559 0.740349
-0.060425 -0.010132 0.994080 0.743471
-0.072021 -0.001648 0.989441 0.746586
