grav grav grav sec-0.065125 -0.001160 0.998596 0.005473
-0.065308 0.005188 0.996948 0.008949
-0.074219 -0.002991 0.992371 0.012484
-0.062012 -0.000793 0.996582 0.016824
-0.062378 -0.003174 1.003052 0.020409
-0.065857 -0.003967 0.992554 0.023831
-0.063599 -0.005127 0.998230 0.029667
-0.062866 -0.005310 0.993958 0.035005
-0.065979 -0.005798 0.988586 0.038918
-0.059448 -0.002197 0.996460 0.042342
-0.070496 0.003174 0.995178 0.045640
-0.056641 -0.004089 0.992065 0.049740
-0.063171 0.000061 1.003784 0.053408
-0.072632 -0.000610 0.994751 0.056903
-0.067993 -0.001526 0.988586 0.061389
-0.061890 0.002563 0.995728 0.065245
-0.065430 -0.002319 0.997986 0.069362
-0.059998 -0.004639 0.995789 0.072671
-0.069336 0.004211 0.989380 0.075814
-0.066040 0.005432 0.995361 0.078959
-0.066528 -0.004456 0.998352 0.082596
-0.069763 0.000061 1.004456 0.086037
-0.071106 -0.003906 0.998474 0.089281
-0.057983 -0.006653 0.999939 0.092729
-0.064819 -0.005554 0.997864 0.096189
-0.059387 -0.009766 0.992065 0.100213
-0.067566 -0.007507 0.999268 0.103636
-0.065918 0.001160 0.997620 0.106816
-0.067322 -0.002869 0.998535 0.109997
-0.065552 -0.003357 1.001831 0.113163
-0.061279 0.002197 1.003662 0.118141
-0.061584 -0.001526 0.991272 0.121461
-0.065674 0.002686 0.994995 0.124884
-0.056030 0.003418 0.992920 0.128458
-0.055481 0.005371 0.999573 0.132112
-0.062195 0.000732 0.996216 0.136034
-0.057068 -0.004272 0.998169 0.139426
-0.063110 0.001709 0.998840 0.142735
-0.063416 -0.006897 0.999695 0.146070
-0.061707 0.003235 0.996399 0.150198
-0.071350 -0.009827 0.995972 0.153715
-0.058289 -0.005066 0.994568 0.157316
-0.068970 -0.001282 0.999878 0.160787
-0.064636 0.002930 0.994385 0.163954
-0.057678 0.001160 1.003296 0.168242
-0.059570 -0.003723 1.001221 0.171594
-0.069336 -0.001343 0.998535 0.174780
-0.064209 -0.003113 1.004272 0.177936
-0.071899 -0.005005 1.000305 0.181101
-0.058777 -0.004272 0.996460 0.185650
-0.063049 -0.007263 0.999268 0.189238
-0.072205 -0.007935 1.000793 0.192634
-0.062500 -0.002930 0.991882 0.195825
-0.060547 0.003662 0.989014 0.199655
-0.061279 -0.004822 0.996582 0.203058
-0.066650 -0.004944 1.003540 0.206242
-0.064514 -0.007690 0.983643 0.209573
-0.066284 -0.009338 0.992981 0.212869
-0.059082 -0.012207 0.997192 0.217850
-0.061829 -0.000793 0.992737 0.222126
-0.070129 0.001465 1.004578 0.225713
-0.065552 0.001709 1.002319 0.229287
-0.057068 0.000732 0.998230 0.234076
-0.056274 -0.003601 0.997375 0.237576
-0.060669 -0.001953 0.999939 0.240891
-0.064331 0.000977 0.992126 0.244204
-0.059265 -0.003235 0.992188 0.248485
-0.065491 -0.008484 0.986877 0.252711
-0.064758 -0.009583 1.000305 0.257840
-0.055603 -0.003967 1.005981 0.261023
-0.057434 0.001770 0.989990 0.264165
-0.064026 -0.005005 1.005859 0.267710
-0.065979 -0.002441 0.995239 0.270964
-0.069092 0.001953 0.993469 0.274087
-0.065796 -0.003235 0.999878 0.277242
-0.060364 0.000854 0.993896 0.280518
-0.069092 0.004395 0.994568 0.284452
-0.061401 -0.000427 1.005066 0.288578
-0.066345 -0.000122 0.998596 0.291889
-0.069092 -0.003967 0.996887 0.295127
-0.064514 -0.002136 1.000244 0.298480
-0.061523 -0.000610 1.003418 0.301961
-0.069214 -0.008972 0.996521 0.305141
-0.056091 -0.000671 0.999939 0.308299
-0.064758 -0.004517 0.997742 0.311549
-0.065674 -0.003357 0.992981 0.315015
-0.058472 0.006958 0.985840 0.318685
-0.057983 0.002747 0.996033 0.322155
-0.068787 -0.004822 0.993958 0.325363
-0.062256 -0.003174 1.001892 0.328614
-0.062683 0.000916 1.001221 0.332060
-0.067505 -0.000366 1.007202 0.335625
-0.069946 -0.003052 1.002380 0.338968
-0.066895 0.000732 0.997864 0.342227
-0.056213 0.005310 0.996643 0.348367
-0.060242 -0.002747 0.997009 0.352347
-0.068359 0.008423 0.994812 0.355757
-0.067932 -0.001709 0.996887 0.359345
-0.066895 0.008850 0.992310 0.362703
-0.074890 0.004944 0.988892 0.366488
-0.064636 0.000427 0.982910 0.369838
-0.069458 -0.005920 1.000122 0.373114
-0.065918 -0.006958 1.000427 0.377499
-0.065735 -0.001770 0.987000 0.381737
-0.064026 -0.006592 1.005371 0.385326
-0.071594 0.002441 0.991272 0.388483
-0.063293 -0.004578 0.993835 0.391727
-0.065125 -0.005066 0.995300 0.394916
-0.060730 -0.004517 1.000183 0.398069
-0.069336 -0.003418 0.996338 0.401926
-0.067810 -0.003845 0.998596 0.405293
-0.067810 0.001709 1.001587 0.410433
-0.053284 -0.000977 0.998413 0.413998
-0.062134 -0.001099 0.986206 0.417841
-0.068604 0.002441 0.995483 0.421232
-0.056030 -0.006042 0.992432 0.424903
-0.066101 0.008667 0.997192 0.428212
-0.065918 -0.003174 0.995972 0.431622
-0.057678 -0.004761 0.997864 0.435305
-0.068726 -0.001404 0.993774 0.439294
-0.062378 -0.007568 0.997437 0.442788
-0.057434 -0.008606 1.002319 0.446254
-0.057312 -0.007690 0.994446 0.450082
-0.063232 -0.002502 0.999756 0.453364
-0.062561 -0.003723 0.997070 0.456650
-0.060120 -0.009827 1.004028 0.459815
-0.061340 0.000000 0.996887 0.462941
-0.073364 -0.000488 0.999207 0.466523
-0.067627 -0.002258 0.990540 0.469778
-0.063416 0.003845 0.989624 0.473253
-0.065491 0.001770 0.995483 0.476650
-0.062195 -0.004517 0.991394 0.479835
-0.056030 -0.005981 1.002319 0.483407
-0.071228 0.003845 0.994995 0.486598
-0.068909 -0.005676 0.993286 0.489820
-0.065063 -0.001221 0.997437 0.492976
-0.070068 0.003174 0.994629 0.496100
-0.058655 0.001709 0.989014 0.499679
-0.066101 -0.002869 0.999207 0.503057
-0.056396 -0.001709 1.001953 0.506654
-0.057922 -0.007935 1.001587 0.510062
-0.062744 0.002258 0.994934 0.513230
-0.071106 -0.004944 1.001465 0.517042
-0.063538 -0.010559 1.005432 0.520419
-0.060486 -0.000244 0.993530 0.523612
-0.061279 0.002197 0.995605 0.526726
-0.070007 0.000427 1.003723 0.529850
-0.066772 -0.004761 0.997864 0.533446
-0.067688 -0.001404 0.987122 0.536937
-0.069824 -0.001282 1.001099 0.540411
-0.070007 -0.003174 0.993591 0.543633
-0.065186 0.006592 0.989014 0.546749
-0.067810 -0.000244 1.003174 0.550313
-0.056335 0.001343 0.990051 0.553586
-0.060852 0.003418 0.994751 0.556728
-0.066345 -0.003052 1.001099 0.559885
-0.056152 0.008240 0.999939 0.563042
-0.068665 -0.000244 0.999634 0.566831
-0.068054 0.001099 0.992615 0.570302
-0.065247 0.000305 1.004517 0.573666
-0.067078 0.007019 1.003418 0.576820
-0.066162 -0.001038 0.998169 0.579982
-0.074585 0.002747 0.989258 0.583627
-0.062744 0.000427 0.994812 0.586896
-0.061707 0.001038 1.000305 0.590005
-0.062378 -0.002319 0.997009 0.593135
-0.062622 0.006592 0.991272 0.596181
-0.066528 0.007690 1.001404 0.599994
-0.062866 -0.000061 0.987732 0.603441
-0.058960 -0.005310 0.997314 0.606816
-0.062744 0.005249 0.998352 0.609947
-0.067139 -0.000061 1.000549 0.613102
-0.067444 -0.004089 0.995667 0.616902
-0.064575 -0.000427 0.999207 0.620299
-0.056335 -0.002258 0.998962 0.623457
-0.056885 -0.004456 0.992432 0.626607
-0.063599 -0.007141 0.994141 0.629826
-0.067322 -0.005920 0.996826 0.633818
-0.063354 0.005981 0.994690 0.637426
-0.060181 0.001831 0.990601 0.640563
-0.068848 -0.005676 0.992188 0.643732
-0.059814 0.000366 1.000977 0.646873
-0.066345 -0.000793 0.997559 0.650473
-0.062012 0.004211 0.997192 0.653651
-0.063965 -0.004578 0.997070 0.656715
-0.068237 0.001343 0.993286 0.659810
-0.064758 -0.007324 0.991272 0.663229
-0.066895 -0.004578 0.992126 0.666967
-0.060913 0.002686 0.996521 0.670188
-0.066956 0.001709 0.999329 0.673345
-0.064758 -0.000122 0.997559 0.676513
-0.059387 0.000061 0.998657 0.679670
-0.060608 0.000732 0.990356 0.683253
-0.065308 0.002136 0.994751 0.686441
-0.062073 -0.001282 0.997192 0.689593
-0.070862 -0.004089 0.992432 0.692970
-0.059021 -0.002441 0.991089 0.696442
-0.059692 -0.002625 0.996826 0.699970
-0.061096 -0.002563 0.995605 0.703289
-0.062012 -0.000488 1.001831 0.706439
-0.055542 0.004028 0.999084 0.709594
-0.065979 0.002258 0.988464 0.712987
-0.064026 -0.002258 1.000671 0.716626
-0.056396 0.002197 1.000549 0.719836
-0.064087 -0.012634 0.996094 0.723154
-0.065491 -0.002808 0.990051 0.726969
-0.069580 0.000610 0.997009 0.730248
-0.060730 -0.006042 1.000793 0.734007
-0.067017 0.002136 1.000183 0.737174
-0.070129 -0.000366 1.005249 0.740348
-0.060364 -0.000183 0.997925 0.743558
-0.073059 -0.002808 0.994995 0.746720
-0.061829 -0.003784 0.993042 0.750154
-0.055359 0.000122 0.997253 0.753361
-0.061646 -0.002380 0.999878 0.756796
-0.060913 -0.002502 1.007690 0.760215
-0.066101 -0.006592 0.995789 0.763378
