rads/s rads/s rads/s sec/n0.104667 -0.052333 -0.314000 0.004184
0.000000 -0.296556 0.540778 0.007376
0.122111 -0.244222 0.348889 0.010944
0.226778 -0.383778 0.418667 0.015269
0.069778 0.034889 0.471000 0.019423
0.087222 -0.139556 0.000000 0.023160
-0.017444 -0.191889 0.296556 0.027193
0.017444 0.000000 0.331444 0.032034
0.087222 0.000000 -0.261667 0.035570
0.174444 -0.069778 -0.383778 0.039318
0.139556 -0.296556 0.279111 0.042804
0.104667 -0.226778 0.174444 0.046702
0.000000 0.000000 -0.226778 0.050174
-0.069778 -0.052333 -0.069778 0.053648
-0.017444 -0.069778 0.069778 0.057112
0.017444 -0.087222 0.157000 0.060886
0.139556 -0.139556 -0.191889 0.065013
0.087222 -0.122111 -0.261667 0.068462
-0.034889 0.069778 -0.279111 0.071844
0.174444 -0.052333 -0.261667 0.075186
-0.052333 0.069778 -0.191889 0.079470
-0.069778 -0.069778 -0.174444 0.083217
0.017444 -0.087222 0.331444 0.086788
-0.017444 -0.087222 0.174444 0.090977
0.069778 -0.087222 0.104667 0.095825
-0.104667 0.034889 -0.017444 0.099612
0.034889 -0.157000 0.069778 0.103323
-0.139556 -0.052333 -0.069778 0.107076
-0.104667 -0.017444 0.052333 0.112230
-0.069778 -0.069778 0.017444 0.116005
-0.052333 -0.034889 -0.157000 0.119765
0.087222 -0.226778 0.209333 0.123675
0.069778 -0.122111 0.017444 0.129404
-0.069778 -0.209333 0.174444 0.133634
0.000000 -0.122111 0.226778 0.137377
0.052333 -0.174444 0.191889 0.141403
0.017444 -0.087222 0.017444 0.147260
0.034889 -0.034889 -0.034889 0.151318
-0.052333 -0.157000 0.087222 0.155580
0.069778 -0.157000 0.122111 0.160011
-0.017444 -0.139556 0.157000 0.164651
-0.069778 -0.139556 -0.034889 0.168552
0.017444 -0.017444 0.034889 0.172284
0.069778 0.000000 0.069778 0.176993
0.000000 -0.174444 0.000000 0.182679
0.122111 -0.191889 -0.087222 0.186523
0.191889 0.000000 0.017444 0.189813
-0.034889 -0.191889 0.017444 0.193668
0.034889 -0.104667 0.017444 0.197644
-0.034889 -0.034889 -0.069778 0.201258
-0.122111 -0.104667 -0.034889 0.204732
-0.034889 -0.139556 -0.104667 0.208174
-0.069778 -0.087222 -0.104667 0.212180
-0.104667 -0.122111 -0.017444 0.216061
0.000000 -0.104667 0.069778 0.219480
0.017444 -0.087222 0.087222 0.222937
0.122111 -0.157000 0.122111 0.226544
0.069778 -0.104667 0.017444 0.230527
-0.087222 -0.174444 -0.017444 0.234049
-0.017444 -0.034889 -0.017444 0.237907
0.034889 -0.122111 0.034889 0.241463
-0.052333 -0.052333 0.000000 0.246239
-0.052333 -0.104667 0.069778 0.249975
-0.122111 -0.226778 0.017444 0.253664
0.017444 -0.226778 0.017444 0.257366
-0.017444 -0.104667 -0.069778 0.260925
-0.017444 -0.017444 -0.017444 0.264657
-0.069778 -0.191889 -0.122111 0.268179
-0.034889 -0.139556 0.034889 0.272404
0.052333 -0.104667 0.087222 0.277489
0.000000 -0.122111 -0.017444 0.281430
0.034889 -0.191889 -0.069778 0.285060
0.017444 -0.157000 0.069778 0.288443
0.034889 -0.087222 0.122111 0.291795
0.000000 -0.174444 0.034889 0.295194
-0.052333 -0.087222 0.122111 0.298601
-0.034889 -0.157000 0.000000 0.301981
0.122111 -0.087222 0.000000 0.305463
-0.069778 -0.052333 -0.034889 0.308828
0.209333 -0.226778 -0.052333 0.312267
0.034889 -0.122111 -0.017444 0.316108
0.000000 -0.052333 0.087222 0.319582
-0.034889 -0.034889 -0.034889 0.323216
-0.052333 -0.122111 0.000000 0.326862
-0.174444 -0.174444 -0.017444 0.330528
-0.052333 -0.017444 0.017444 0.334231
-0.157000 -0.017444 -0.017444 0.337815
0.052333 -0.209333 0.052333 0.341387
-0.034889 -0.034889 -0.034889 0.345004
-0.191889 -0.087222 -0.034889 0.349004
-0.034889 -0.069778 0.069778 0.353721
0.157000 -0.052333 -0.139556 0.357713
0.104667 -0.191889 -0.017444 0.361133
-0.087222 -0.087222 0.017444 0.364522
-0.087222 -0.157000 -0.052333 0.367934
-0.174444 -0.139556 0.017444 0.371321
-0.034889 -0.069778 -0.017444 0.374762
-0.087222 -0.069778 0.034889 0.378194
-0.087222 -0.087222 0.017444 0.381678
-0.157000 -0.122111 -0.069778 0.386163
0.017444 -0.104667 0.087222 0.389750
-0.139556 -0.209333 0.034889 0.393107
0.017444 -0.087222 0.139556 0.396780
0.244222 -0.226778 0.000000 0.400493
-0.017444 -0.191889 -0.017444 0.404292
0.104667 -0.052333 0.034889 0.407898
0.034889 -0.209333 -0.052333 0.411464
-0.104667 -0.052333 0.052333 0.415016
0.034889 -0.226778 0.087222 0.418743
-0.034889 -0.314000 0.017444 0.423830
0.104667 -0.034889 -0.017444 0.427536
0.017444 -0.191889 0.000000 0.430743
0.034889 -0.122111 0.052333 0.433861
0.122111 0.069778 0.052333 0.437119
-0.157000 -0.174444 -0.052333 0.440313
-0.087222 -0.087222 0.000000 0.443515
-0.069778 -0.157000 0.069778 0.446753
0.017444 -0.069778 -0.017444 0.449837
-0.069778 -0.122111 -0.052333 0.452964
-0.104667 -0.069778 0.034889 0.456099
0.122111 -0.069778 0.104667 0.459209
-0.034889 -0.104667 0.017444 0.462350
0.000000 -0.209333 0.000000 0.465446
-0.052333 -0.017444 0.000000 0.468687
-0.087222 -0.104667 0.104667 0.471825
0.122111 -0.052333 0.087222 0.474895
-0.034889 -0.122111 -0.017444 0.478053
0.017444 -0.087222 -0.034889 0.481186
0.087222 -0.034889 0.052333 0.484322
0.000000 -0.017444 0.052333 0.487427
0.034889 -0.122111 0.000000 0.490471
-0.069778 -0.244222 0.069778 0.493620
0.000000 -0.174444 0.052333 0.496692
0.000000 -0.209333 0.069778 0.499864
-0.157000 -0.174444 0.104667 0.502985
0.034889 -0.104667 0.000000 0.506099
0.157000 0.052333 0.000000 0.509169
0.052333 -0.279111 0.000000 0.512239
0.069778 -0.052333 0.000000 0.515332
0.139556 -0.261667 0.034889 0.518361
-0.069778 -0.157000 -0.034889 0.521527
-0.069778 -0.157000 0.000000 0.524652
-0.017444 -0.034889 0.034889 0.527767
-0.139556 -0.139556 -0.052333 0.531084
-0.087222 -0.104667 0.034889 0.534199
-0.034889 -0.034889 0.034889 0.537362
0.069778 -0.087222 0.034889 0.540446
0.052333 -0.174444 -0.034889 0.543592
0.000000 -0.174444 0.000000 0.546703
-0.017444 -0.226778 -0.017444 0.549870
-0.017444 -0.087222 0.139556 0.552970
0.034889 0.000000 0.052333 0.556022
0.034889 -0.052333 -0.017444 0.559116
0.052333 -0.104667 -0.034889 0.562337
0.104667 -0.157000 -0.052333 0.565422
-0.017444 -0.157000 -0.069778 0.568587
0.069778 -0.087222 -0.017444 0.571872
-0.104667 -0.052333 -0.034889 0.575469
0.087222 -0.157000 0.034889 0.578633
0.052333 -0.069778 0.052333 0.581709
-0.191889 -0.017444 0.087222 0.584842
-0.052333 -0.261667 0.034889 0.587976
0.069778 -0.226778 0.034889 0.591073
-0.104667 -0.034889 0.017444 0.594354
-0.069778 -0.069778 0.052333 0.597457
0.104667 -0.209333 -0.034889 0.600603
-0.174444 0.000000 0.052333 0.603694
0.209333 -0.104667 0.017444 0.606793
-0.069778 -0.087222 0.000000 0.609924
-0.052333 -0.279111 -0.052333 0.613047
-0.017444 -0.034889 -0.034889 0.616129
0.034889 -0.174444 0.069778 0.619234
0.052333 -0.139556 0.157000 0.622347
-0.034889 -0.191889 0.000000 0.625549
-0.069778 -0.157000 0.017444 0.628756
0.087222 -0.069778 0.000000 0.631886
0.000000 -0.122111 0.191889 0.634930
0.017444 -0.052333 0.087222 0.638039
0.034889 0.017444 0.017444 0.641114
-0.069778 -0.034889 0.017444 0.644223
-0.087222 -0.122111 0.000000 0.647329
-0.087222 -0.069778 0.052333 0.650386
0.191889 -0.017444 -0.052333 0.653527
-0.017444 -0.017444 -0.104667 0.656746
-0.122111 -0.052333 0.087222 0.659892
0.034889 -0.017444 0.104667 0.663009
0.087222 -0.244222 0.087222 0.666025
0.034889 0.017444 0.052333 0.669099
0.157000 -0.209333 0.087222 0.672195
0.034889 -0.087222 -0.017444 0.675318
0.087222 -0.157000 0.034889 0.678394
0.052333 -0.069778 -0.052333 0.681512
-0.052333 -0.122111 -0.017444 0.684740
0.139556 -0.191889 -0.069778 0.687930
0.069778 -0.104667 0.087222 0.691054
-0.069778 -0.104667 0.000000 0.694127
0.000000 -0.174444 0.034889 0.697205
0.000000 0.000000 0.052333 0.700495
0.000000 -0.034889 0.017444 0.703939
0.087222 -0.139556 -0.122111 0.707131
0.174444 -0.104667 0.017444 0.710438
-0.034889 -0.157000 0.017444 0.713652
-0.122111 -0.034889 0.052333 0.717176
-0.331444 -0.087222 0.087222 0.720348
-0.069778 -0.052333 -0.017444 0.723451
0.017444 -0.034889 0.017444 0.727079
-0.069778 -0.052333 0.052333 0.730393
0.034889 -0.104667 -0.069778 0.733829
0.122111 -0.122111 0.034889 0.736904
0.191889 -0.052333 -0.034889 0.740153
0.017444 -0.122111 0.034889 0.743614
0.052333 -0.174444 0.017444 0.747628
-0.069778 -0.122111 0.087222 0.750871
0.034889 -0.052333 0.017444 0.754164
-0.209333 -0.087222 0.069778 0.757442
-0.017444 -0.104667 0.157000 0.760781
0.104667 -0.034889 -0.017444 0.764535
0.209333 -0.069778 0.069778 0.768380
0.017444 -0.069778 0.069778 0.771724
0.034889 -0.087222 -0.017444 0.775039
0.034889 -0.122111 -0.017444 0.779820
-0.034889 -0.017444 -0.069778 0.783465
0.157000 -0.104667 -0.034889 0.786803
-0.052333 -0.017444 0.017444 0.790125
-0.052333 -0.157000 0.069778 0.793956
0.226778 -0.052333 0.017444 0.797517
0.104667 -0.244222 0.017444 0.800810
-0.017444 -0.139556 0.087222 0.804121
-0.034889 -0.296556 -0.034889 0.807435
0.069778 -0.157000 0.122111 0.811246
0.069778 -0.104667 0.052333 0.814473
-0.069778 -0.157000 0.017444 0.817658
-0.139556 -0.034889 0.034889 0.820796
0.034889 -0.017444 0.157000 0.823897
0.069778 -0.157000 0.017444 0.827186
0.034889 -0.052333 0.069778 0.830373
-0.122111 -0.052333 0.017444 0.833536
0.052333 0.087222 0.052333 0.836591
0.226778 -0.157000 -0.069778 0.839726
-0.034889 0.000000 0.000000 0.842999
-0.104667 -0.104667 0.000000 0.846279
-0.017444 -0.069778 -0.034889 0.849450
-0.034889 -0.157000 -0.069778 0.852584
-0.017444 -0.104667 -0.069778 0.855740
0.052333 -0.191889 0.000000 0.859043
0.139556 -0.191889 0.069778 0.862377
-0.052333 -0.069778 -0.017444 0.865489
0.052333 -0.087222 0.157000 0.868595
0.034889 -0.087222 -0.017444 0.871727
-0.052333 -0.122111 0.069778 0.875079
0.104667 -0.052333 0.034889 0.878324
0.052333 -0.209333 0.052333 0.881456
0.104667 -0.157000 -0.104667 0.884609
0.034889 -0.104667 0.034889 0.887726
-0.017444 -0.157000 0.087222 0.890997
0.000000 -0.157000 0.087222 0.894221
-0.069778 -0.157000 0.017444 0.897393
-0.087222 -0.191889 0.000000 0.900544
0.034889 -0.017444 0.034889 0.903721
-0.122111 -0.104667 0.017444 0.907021
-0.087222 -0.139556 0.000000 0.910239
0.000000 -0.017444 -0.122111 0.913447
0.069778 -0.034889 0.174444 0.916579
-0.139556 -0.052333 0.000000 0.919685
0.052333 -0.157000 0.244222 0.922955
-0.104667 -0.191889 0.052333 0.926146
-0.052333 -0.069778 0.244222 0.929444
-0.191889 -0.122111 0.069778 0.932575
-0.174444 -0.174444 0.261667 0.935825
0.017444 -0.314000 0.052333 0.939010
-0.087222 -0.122111 0.034889 0.942132
0.087222 0.017444 0.104667 0.945186
0.052333 -0.139556 0.000000 0.948285
-0.104667 0.034889 0.069778 0.951401
-0.034889 -0.122111 0.034889 0.954652
0.017444 -0.034889 0.034889 0.957784
-0.052333 -0.034889 0.052333 0.960860
0.191889 -0.104667 -0.069778 0.963972
0.034889 -0.174444 0.087222 0.967175
-0.104667 -0.034889 0.034889 0.970328
-0.226778 -0.069778 0.017444 0.973464
0.000000 -0.034889 0.034889 0.976513
0.000000 -0.157000 0.087222 0.979641
-0.052333 -0.104667 0.034889 0.982778
0.191889 -0.122111 -0.017444 0.985901
-0.017444 -0.244222 0.052333 0.989027
-0.034889 -0.052333 -0.052333 0.992112
0.034889 -0.122111 0.052333 0.995209
0.087222 -0.122111 0.034889 0.998366
-0.034889 -0.174444 0.034889 1.001529
-0.139556 -0.122111 -0.157000 1.004670
-0.052333 -0.034889 0.052333 1.007780
0.052333 -0.034889 0.034889 1.010884
-0.017444 -0.157000 -0.052333 1.014041
0.122111 -0.244222 0.139556 1.017142
0.000000 -0.226778 -0.017444 1.020246
0.034889 -0.157000 -0.034889 1.023372
0.104667 -0.191889 0.069778 1.026444
-0.139556 -0.087222 0.017444 1.029657
-0.122111 -0.052333 -0.087222 1.032799
-0.087222 -0.069778 -0.104667 1.036266
0.017444 -0.122111 -0.052333 1.039843
-0.034889 -0.122111 0.122111 1.043823
0.052333 -0.122111 0.122111 1.047724
0.000000 -0.191889 0.087222 1.051517
-0.122111 -0.104667 0.122111 1.055415
0.034889 -0.104667 0.017444 1.059577
0.034889 -0.104667 0.017444 1.063588
0.139556 -0.191889 0.017444 1.068324
0.034889 -0.087222 0.209333 1.072348
-0.052333 -0.104667 -0.087222 1.076328
0.000000 -0.122111 0.052333 1.080214
-0.157000 -0.052333 0.052333 1.084155
0.052333 -0.034889 -0.069778 1.088413
0.000000 -0.174444 0.000000 1.093699
0.017444 0.000000 -0.087222 1.097283
-0.069778 -0.087222 0.122111 1.100715
0.122111 -0.122111 0.034889 1.103855
0.017444 -0.279111 0.174444 1.106948
-0.052333 -0.157000 0.034889 1.110413
0.052333 -0.122111 0.000000 1.113701
0.139556 -0.157000 0.000000 1.117036
0.017444 -0.139556 0.017444 1.120173
0.104667 -0.139556 0.017444 1.123388
-0.034889 -0.104667 0.017444 1.126632
0.017444 -0.034889 0.017444 1.129868
0.034889 -0.157000 0.052333 1.133238
-0.069778 -0.157000 0.052333 1.136403
0.104667 -0.104667 0.139556 1.139549
0.034889 -0.069778 0.000000 1.142667
-0.104667 -0.157000 0.244222 1.146139
-0.157000 -0.104667 0.052333 1.149515
0.017444 -0.104667 -0.034889 1.152667
0.052333 0.000000 -0.017444 1.156027
-0.017444 0.052333 0.052333 1.159254
-0.034889 -0.139556 0.017444 1.162706
-0.122111 0.000000 -0.017444 1.165915
-0.104667 0.000000 0.000000 1.169083
-0.069778 -0.122111 -0.087222 1.172263
-0.069778 -0.052333 0.052333 1.175331
0.017444 -0.139556 -0.069778 1.178651
0.000000 -0.069778 0.017444 1.181786
0.104667 -0.017444 -0.017444 1.184933
-0.052333 -0.157000 0.034889 1.188174
-0.034889 -0.034889 -0.052333 1.191348
-0.017444 0.000000 0.034889 1.194643
-0.017444 -0.191889 0.069778 1.197829
-0.104667 0.000000 0.017444 1.200946
0.000000 -0.279111 -0.069778 1.204093
-0.017444 -0.157000 0.034889 1.207227
0.017444 -0.157000 0.174444 1.210592
-0.052333 -0.139556 0.104667 1.213856
-0.226778 -0.122111 -0.017444 1.217115
0.052333 -0.069778 -0.017444 1.220263
-0.052333 -0.087222 -0.104667 1.223437
0.017444 -0.052333 0.034889 1.226715
0.017444 -0.034889 0.017444 1.229973
-0.034889 -0.122111 -0.017444 1.233149
0.034889 -0.209333 -0.034889 1.236277
0.087222 -0.104667 0.034889 1.239385
0.017444 -0.174444 0.122111 1.242757
0.087222 -0.104667 -0.017444 1.246083
-0.052333 -0.157000 0.087222 1.249346
-0.104667 -0.052333 0.104667 1.252508
-0.087222 -0.209333 0.052333 1.255595
-0.139556 -0.017444 -0.069778 1.258986
-0.034889 -0.174444 0.122111 1.262337
-0.139556 -0.209333 -0.069778 1.265550
0.087222 -0.174444 0.000000 1.268670
-0.034889 -0.191889 -0.017444 1.271831
0.139556 -0.244222 0.034889 1.275192
0.069778 -0.052333 0.000000 1.278457
0.034889 -0.087222 0.000000 1.281736
-0.087222 -0.087222 0.244222 1.284825
-0.052333 -0.157000 -0.052333 1.287985
0.069778 -0.034889 -0.017444 1.291381
0.069778 -0.122111 -0.017444 1.294636
0.017444 -0.104667 0.087222 1.297790
-0.017444 -0.174444 0.087222 1.300934
0.122111 0.034889 0.017444 1.304008
-0.017444 -0.157000 0.052333 1.307344
-0.017444 -0.122111 0.104667 1.310701
0.052333 -0.069778 -0.052333 1.313916
0.174444 -0.122111 -0.122111 1.317061
0.122111 -0.104667 0.017444 1.320140
-0.052333 -0.017444 0.069778 1.323947
-0.034889 -0.087222 0.069778 1.327668
-0.034889 -0.069778 0.017444 1.331114
-0.087222 -0.157000 0.000000 1.334435
-0.209333 -0.052333 0.087222 1.337762
0.017444 -0.139556 -0.139556 1.341574
-0.069778 -0.296556 -0.017444 1.345275
0.052333 -0.174444 0.000000 1.348517
0.069778 -0.052333 -0.034889 1.351683
-0.104667 0.017444 0.034889 1.354903
-0.226778 -0.122111 -0.069778 1.358112
-0.034889 -0.034889 0.087222 1.361522
-0.157000 -0.034889 0.052333 1.364709
0.157000 -0.122111 -0.157000 1.367853
0.017444 -0.157000 0.034889 1.371217
0.226778 -0.139556 -0.034889 1.374568
0.087222 -0.069778 0.052333 1.377878
-0.087222 -0.174444 0.017444 1.381060
-0.069778 -0.139556 0.017444 1.384165
0.157000 -0.069778 -0.034889 1.388664
-0.087222 -0.104667 0.139556 1.392026
0.052333 -0.122111 -0.052333 1.395519
0.017444 -0.122111 -0.052333 1.398713
0.034889 -0.191889 -0.069778 1.401872
-0.034889 -0.034889 0.104667 1.405282
0.052333 -0.052333 0.122111 1.408671
-0.087222 -0.157000 0.000000 1.412514
0.034889 -0.104667 0.017444 1.415737
0.000000 0.000000 0.000000 1.418971
0.000000 -0.087222 -0.052333 1.422158
0.139556 -0.279111 -0.017444 1.425297
0.087222 -0.104667 0.191889 1.429106
0.139556 -0.052333 0.122111 1.432450
0.000000 -0.017444 0.069778 1.435754
-0.052333 -0.052333 0.087222 1.438990
-0.017444 0.052333 0.017444 1.442127
0.069778 0.000000 -0.017444 1.445951
-0.139556 -0.087222 0.017444 1.449498
0.052333 -0.017444 -0.034889 1.452826
0.069778 -0.191889 -0.069778 1.455977
-0.017444 -0.191889 0.034889 1.459120
0.034889 -0.157000 0.000000 1.462858
0.034889 -0.069778 0.104667 1.466102
0.000000 -0.139556 0.034889 1.469339
0.034889 -0.104667 -0.052333 1.472476
-0.174444 -0.244222 0.122111 1.475597
-0.087222 -0.174444 0.017444 1.479428
0.017444 -0.087222 0.052333 1.482699
-0.052333 -0.226778 -0.157000 1.485854
-0.034889 -0.209333 0.034889 1.489234
0.017444 -0.017444 0.052333 1.492372
0.087222 -0.087222 0.017444 1.496178
0.000000 -0.209333 0.139556 1.499476
0.000000 -0.261667 0.087222 1.502637
-0.017444 -0.139556 0.000000 1.505762
-0.052333 -0.069778 -0.069778 1.508919
0.104667 -0.174444 0.017444 1.512639
0.034889 -0.087222 0.139556 1.515890
0.017444 -0.261667 0.104667 1.519032
0.069778 -0.122111 0.000000 1.522151
-0.034889 -0.191889 0.052333 1.525275
0.034889 -0.087222 0.069778 1.529197
0.087222 -0.034889 -0.017444 1.532584
-0.069778 -0.104667 0.000000 1.535731
0.000000 -0.069778 -0.017444 1.538881
-0.209333 -0.122111 0.069778 1.542034
0.000000 -0.139556 0.069778 1.545898
0.000000 0.052333 0.104667 1.549176
-0.017444 -0.104667 0.034889 1.552354
0.017444 -0.087222 -0.017444 1.555493
-0.017444 -0.069778 0.069778 1.558630
0.157000 -0.087222 0.052333 1.562523
-0.052333 -0.069778 0.139556 1.565950
0.052333 -0.191889 0.000000 1.569088
0.104667 -0.191889 -0.052333 1.572229
-0.017444 -0.087222 0.052333 1.575297
0.069778 -0.087222 0.104667 1.579309
0.017444 -0.139556 -0.034889 1.582668
0.139556 0.087222 0.034889 1.585778
0.087222 -0.052333 -0.052333 1.588928
0.034889 -0.191889 0.139556 1.592122
-0.034889 -0.191889 -0.052333 1.596069
-0.034889 -0.034889 0.034889 1.599373
0.034889 -0.139556 -0.034889 1.602549
0.122111 -0.034889 -0.017444 1.605690
-0.122111 -0.034889 -0.017444 1.608818
-0.174444 -0.157000 0.034889 1.612566
-0.017444 -0.069778 0.000000 1.615764
-0.279111 -0.087222 0.034889 1.618905
-0.104667 -0.191889 -0.034889 1.622015
-0.104667 -0.017444 0.052333 1.625216
0.000000 -0.052333 -0.034889 1.629090
0.017444 -0.157000 -0.052333 1.632526
0.104667 -0.087222 0.087222 1.635591
0.087222 -0.191889 0.052333 1.638704
0.087222 -0.209333 0.157000 1.641799
0.104667 -0.174444 -0.034889 1.645744
0.191889 -0.191889 0.000000 1.649062
-0.034889 -0.174444 0.052333 1.652242
0.052333 -0.087222 -0.034889 1.655451
-0.052333 -0.104667 0.017444 1.658714
-0.034889 -0.139556 -0.034889 1.662628
-0.069778 -0.034889 0.104667 1.666024
-0.017444 -0.244222 0.157000 1.669102
0.052333 -0.069778 -0.087222 1.672215
-0.174444 -0.104667 0.034889 1.675462
0.139556 0.000000 0.069778 1.679255
-0.017444 -0.104667 -0.017444 1.682618
0.000000 -0.122111 0.000000 1.685819
0.087222 -0.191889 0.000000 1.688956
0.122111 -0.069778 -0.034889 1.692211
0.157000 -0.191889 -0.017444 1.696202
-0.034889 -0.087222 -0.034889 1.699578
0.000000 0.000000 0.034889 1.702711
-0.052333 -0.104667 -0.052333 1.705882
-0.017444 -0.104667 0.034889 1.709391
0.104667 -0.139556 0.034889 1.713115
0.052333 -0.157000 0.087222 1.716474
0.104667 -0.122111 0.122111 1.719831
0.191889 -0.087222 0.000000 1.722984
-0.069778 -0.122111 0.000000 1.726110
0.069778 -0.069778 0.209333 1.729838
-0.034889 -0.034889 0.052333 1.733176
-0.279111 0.034889 0.052333 1.736324
-0.034889 -0.122111 0.087222 1.739480
0.069778 -0.069778 -0.069778 1.742669
0.017444 -0.244222 0.017444 1.746290
0.087222 -0.122111 0.017444 1.749751
0.052333 -0.052333 0.000000 1.752966
0.104667 -0.069778 0.104667 1.756066
-0.122111 -0.069778 -0.069778 1.759220
-0.104667 -0.209333 -0.017444 1.763018
0.122111 -0.087222 0.087222 1.766367
0.087222 -0.104667 -0.069778 1.769483
0.139556 -0.087222 0.069778 1.772685
0.000000 -0.157000 0.000000 1.775790
0.034889 0.000000 0.034889 1.779558
0.157000 -0.069778 0.034889 1.782974
-0.017444 -0.052333 -0.052333 1.786085
0.017444 0.000000 0.034889 1.789173
0.017444 -0.122111 -0.052333 1.792289
0.104667 -0.122111 0.017444 1.796098
-0.069778 -0.139556 0.104667 1.799495
0.034889 -0.122111 0.104667 1.802692
-0.034889 -0.052333 0.034889 1.807075
0.087222 -0.122111 0.069778 1.810620
0.000000 -0.104667 0.034889 1.815698
0.104667 -0.017444 -0.034889 1.819376
-0.052333 -0.209333 0.087222 1.823984
0.069778 0.052333 0.000000 1.827921
-0.139556 -0.139556 -0.087222 1.832269
-0.017444 0.052333 -0.069778 1.835785
0.052333 -0.191889 0.017444 1.839141
0.174444 -0.139556 0.034889 1.842525
-0.034889 -0.174444 0.052333 1.846409
-0.052333 -0.122111 0.034889 1.849960
0.000000 0.000000 0.017444 1.853281
0.052333 -0.139556 0.052333 1.856887
-0.122111 -0.017444 0.052333 1.861291
0.069778 -0.209333 0.069778 1.864848
-0.034889 -0.209333 -0.034889 1.868338
-0.069778 -0.157000 -0.139556 1.871730
-0.052333 -0.069778 0.017444 1.875113
-0.139556 -0.104667 0.017444 1.879288
0.052333 -0.139556 0.034889 1.882818
-0.069778 -0.034889 0.034889 1.886370
0.104667 -0.209333 0.087222 1.890081
0.000000 -0.104667 0.000000 1.894211
0.017444 -0.209333 0.087222 1.898072
-0.139556 -0.139556 0.017444 1.901640
-0.017444 -0.034889 0.122111 1.905123
0.174444 -0.139556 0.122111 1.909391
-0.017444 0.017444 0.034889 1.913579
-0.052333 -0.017444 0.087222 1.917387
-0.104667 -0.157000 0.000000 1.921096
0.104667 -0.052333 0.034889 1.924824
0.052333 -0.087222 0.017444 1.929171
0.104667 -0.191889 0.017444 1.932891
0.226778 -0.069778 0.017444 1.936520
0.000000 -0.052333 -0.034889 1.940124
0.174444 -0.104667 0.087222 1.943609
-0.034889 -0.122111 0.000000 1.948063
-0.034889 -0.209333 0.017444 1.951791
-0.174444 -0.139556 0.104667 1.955341
-0.087222 -0.104667 0.104667 1.959417
-0.174444 -0.157000 0.069778 1.963671
-0.034889 -0.069778 0.104667 1.967757
0.087222 -0.069778 0.052333 1.971243
-0.017444 -0.069778 0.034889 1.974680
0.000000 -0.226778 0.087222 1.978562
0.034889 -0.017444 0.052333 1.982715
0.017444 -0.087222 0.017444 1.986263
0.052333 -0.261667 0.000000 1.989733
-0.052333 -0.122111 0.087222 1.993536
0.087222 -0.104667 -0.122111 1.997664
-0.122111 -0.157000 0.122111 2.001152
0.104667 -0.069778 -0.017444 2.004556
0.000000 -0.157000 0.034889 2.007957
0.017444 -0.034889 0.017444 2.011908
0.052333 -0.139556 -0.104667 2.015536
-0.017444 -0.122111 0.052333 2.019362
0.034889 -0.139556 0.034889 2.022691
0.017444 -0.174444 0.017444 2.026087
0.017444 -0.157000 0.104667 2.030320
-0.122111 -0.034889 -0.034889 2.033980
0.017444 -0.139556 0.034889 2.037549
0.034889 -0.052333 -0.139556 2.041155
0.174444 -0.052333 -0.017444 2.045716
-0.226778 -0.087222 0.069778 2.049712
0.122111 -0.069778 0.052333 2.053460
0.122111 -0.174444 0.052333 2.057134
0.017444 -0.052333 0.000000 2.061429
0.052333 -0.069778 -0.017444 2.065188
-0.087222 -0.052333 0.174444 2.068634
-0.087222 -0.104667 -0.052333 2.072739
0.104667 -0.209333 0.017444 2.076700
-0.139556 -0.209333 0.017444 2.080471
-0.052333 -0.279111 0.000000 2.084493
0.052333 -0.069778 -0.087222 2.088586
-0.017444 -0.052333 0.069778 2.092098
0.052333 -0.122111 -0.069778 2.096091
-0.069778 -0.087222 0.087222 2.099524
-0.104667 -0.157000 -0.139556 2.102998
-0.017444 -0.069778 0.069778 2.106479
0.139556 0.052333 -0.122111 2.110639
0.104667 -0.087222 0.000000 2.114760
0.017444 -0.174444 0.017444 2.118218
-0.157000 -0.069778 0.069778 2.121717
-0.052333 -0.034889 0.034889 2.125233
0.122111 -0.104667 0.017444 2.129292
-0.087222 -0.209333 0.034889 2.132897
-0.157000 -0.104667 0.000000 2.136261
0.000000 -0.122111 0.000000 2.141153
0.104667 -0.087222 -0.017444 2.145591
0.034889 0.000000 0.087222 2.149183
-0.139556 -0.034889 0.000000 2.152808
0.122111 0.000000 -0.052333 2.156423
0.000000 -0.034889 0.104667 2.160553
0.157000 0.069778 0.052333 2.164456
0.017444 -0.191889 -0.017444 2.168239
-0.087222 -0.069778 0.034889 2.171898
0.104667 -0.122111 0.069778 2.175458
-0.052333 -0.139556 -0.017444 2.179925
0.087222 -0.226778 0.017444 2.184038
-0.034889 -0.139556 0.017444 2.190084
0.000000 -0.052333 -0.017444 2.193891
-0.069778 -0.069778 0.000000 2.197765
0.017444 -0.139556 0.052333 2.201445
0.034889 -0.104667 0.000000 2.204958
0.052333 -0.174444 0.052333 2.208338
-0.087222 -0.087222 0.052333 2.212282
0.000000 -0.104667 0.104667 2.215935
-0.191889 -0.069778 0.034889 2.219410
-0.017444 -0.069778 -0.052333 2.222872
-0.069778 -0.069778 0.034889 2.226500
-0.104667 -0.157000 0.034889 2.230724
-0.087222 -0.139556 0.034889 2.234565
0.017444 -0.052333 -0.017444 2.238551
0.069778 -0.226778 0.087222 2.242061
-0.104667 -0.139556 0.000000 2.246184
0.069778 0.000000 0.000000 2.249949
-0.069778 -0.139556 -0.069778 2.253772
0.052333 0.000000 0.017444 2.257537
-0.069778 -0.052333 0.087222 2.261768
-0.069778 -0.087222 0.052333 2.265732
0.174444 -0.104667 0.017444 2.269461
-0.034889 -0.034889 0.000000 2.274019
0.104667 -0.087222 0.034889 2.279062
0.052333 0.000000 0.069778 2.282976
-0.034889 -0.104667 -0.034889 2.286569
0.104667 -0.122111 0.087222 2.289720
0.122111 -0.034889 -0.052333 2.292964
-0.069778 -0.069778 0.017444 2.296835
0.087222 -0.104667 -0.017444 2.300652
0.261667 0.000000 0.034889 2.304111
-0.034889 -0.052333 0.017444 2.307285
-0.017444 -0.191889 -0.017444 2.310928
-0.034889 -0.261667 0.017444 2.314171
0.191889 0.000000 0.052333 2.317534
0.017444 -0.069778 0.000000 2.320812
0.069778 -0.017444 -0.052333 2.323987
-0.087222 -0.261667 -0.017444 2.327842
0.000000 -0.157000 -0.052333 2.331339
-0.017444 -0.279111 -0.017444 2.334800
0.000000 -0.122111 0.052333 2.338033
0.034889 -0.226778 -0.052333 2.341184
0.052333 -0.139556 -0.069778 2.344794
-0.104667 -0.122111 0.000000 2.348143
-0.017444 -0.122111 0.000000 2.351470
0.034889 -0.087222 -0.017444 2.354760
-0.069778 -0.087222 -0.069778 2.357921
0.104667 -0.069778 0.000000 2.361763
0.017444 -0.087222 0.104667 2.365199
-0.122111 -0.157000 0.052333 2.368485
-0.034889 -0.104667 0.157000 2.371810
-0.052333 -0.069778 -0.052333 2.375000
-0.157000 -0.087222 0.069778 2.378769
0.017444 0.000000 0.157000 2.381979
0.087222 0.052333 0.052333 2.385134
0.034889 -0.139556 -0.034889 2.388492
0.139556 -0.157000 -0.087222 2.392004
0.000000 -0.104667 -0.017444 2.395605
0.017444 -0.104667 0.017444 2.398998
0.034889 -0.139556 0.087222 2.402130
0.052333 -0.104667 0.000000 2.405519
0.087222 -0.139556 -0.017444 2.408689
-0.087222 -0.174444 0.034889 2.412349
-0.017444 0.000000 0.000000 2.415551
0.034889 -0.191889 0.122111 2.418647
-0.069778 -0.017444 -0.087222 2.422096
-0.174444 -0.174444 0.000000 2.425541
-0.017444 -0.139556 0.104667 2.429157
0.157000 -0.104667 -0.034889 2.432398
-0.017444 -0.157000 -0.017444 2.435581
-0.157000 -0.122111 -0.034889 2.438956
0.000000 -0.069778 -0.122111 2.442149
0.122111 -0.069778 -0.017444 2.445737
0.052333 -0.017444 0.017444 2.449009
0.034889 -0.122111 0.104667 2.452336
0.017444 -0.069778 -0.087222 2.456187
0.017444 -0.069778 0.069778 2.459560
-0.017444 -0.052333 0.087222 2.463119
0.034889 -0.069778 0.034889 2.466284
0.122111 -0.157000 0.017444 2.469414
0.122111 -0.139556 0.000000 2.472514
0.017444 -0.087222 0.034889 2.475932
-0.017444 -0.139556 0.000000 2.479636
0.087222 -0.052333 0.069778 2.482783
0.034889 -0.069778 0.017444 2.486186
-0.017444 -0.052333 0.034889 2.489641
0.104667 -0.087222 0.000000 2.493186
-0.034889 -0.069778 0.174444 2.496602
-0.034889 -0.209333 -0.034889 2.499818
0.052333 -0.104667 -0.034889 2.502968
-0.017444 -0.069778 -0.034889 2.506133
0.000000 -0.034889 -0.052333 2.509608
0.017444 -0.139556 -0.052333 2.513111
0.104667 -0.104667 -0.157000 2.516489
-0.017444 -0.122111 -0.017444 2.519929
-0.052333 -0.052333 -0.052333 2.523319
0.052333 -0.191889 -0.017444 2.527009
0.017444 -0.034889 0.087222 2.530270
0.000000 -0.069778 0.139556 2.533417
0.069778 -0.087222 0.122111 2.536520
-0.052333 -0.104667 -0.017444 2.539879
-0.017444 -0.104667 0.017444 2.543287
-0.104667 -0.122111 -0.122111 2.546755
-0.034889 -0.122111 0.000000 2.550685
0.052333 -0.122111 -0.104667 2.553936
0.087222 -0.052333 0.017444 2.557215
-0.052333 -0.157000 -0.122111 2.560735
0.104667 -0.104667 0.017444 2.563949
0.052333 -0.157000 -0.052333 2.567108
-0.069778 -0.069778 0.069778 2.570243
0.191889 -0.157000 0.052333 2.573566
-0.017444 -0.191889 0.069778 2.577235
-0.034889 -0.139556 -0.034889 2.580735
0.000000 -0.191889 -0.017444 2.584204
0.052333 -0.191889 0.087222 2.587366
0.000000 -0.104667 0.017444 2.590453
-0.174444 0.000000 -0.087222 2.594129
-0.069778 0.017444 -0.087222 2.597363
0.087222 -0.087222 0.069778 2.600454
0.034889 -0.052333 -0.052333 2.603793
-0.017444 -0.104667 0.034889 2.606971
0.069778 -0.069778 0.017444 2.610896
0.000000 -0.034889 -0.017444 2.614868
0.000000 -0.069778 -0.104667 2.618105
0.052333 -0.034889 0.122111 2.621222
-0.174444 0.000000 0.034889 2.624337
-0.017444 -0.052333 0.034889 2.627809
0.069778 -0.034889 0.052333 2.630973
0.122111 -0.157000 0.139556 2.634072
0.104667 0.034889 0.034889 2.637151
-0.069778 -0.087222 0.000000 2.640436
-0.017444 -0.174444 0.139556 2.644316
0.052333 -0.034889 -0.052333 2.647950
-0.052333 0.034889 -0.034889 2.651132
-0.139556 0.000000 0.069778 2.654180
0.034889 -0.139556 0.069778 2.657258
-0.017444 0.052333 0.139556 2.660390
-0.174444 -0.052333 -0.034889 2.663572
-0.052333 0.174444 0.017444 2.666890
0.157000 -0.191889 0.017444 2.670479
-0.209333 0.034889 0.069778 2.673937
0.034889 -0.157000 0.017444 2.677566
-0.017444 -0.226778 -0.017444 2.680818
0.000000 -0.069778 -0.104667 2.684164
0.087222 -0.174444 0.104667 2.687316
0.000000 0.017444 0.034889 2.690410
-0.087222 -0.157000 0.087222 2.694090
-0.052333 -0.104667 -0.052333 2.697330
0.244222 -0.104667 0.087222 2.700654
0.052333 -0.122111 -0.069778 2.704051
-0.052333 -0.069778 0.034889 2.707520
-0.052333 -0.104667 0.017444 2.711077
-0.017444 -0.139556 -0.017444 2.714321
-0.017444 -0.157000 0.017444 2.717789
-0.052333 -0.122111 -0.017444 2.720959
0.209333 -0.191889 -0.052333 2.724104
-0.034889 -0.139556 -0.034889 2.727740
-0.017444 -0.087222 -0.139556 2.731176
-0.104667 -0.122111 0.069778 2.734534
0.017444 -0.069778 0.052333 2.738311
0.000000 -0.157000 0.034889 2.741540
0.174444 -0.296556 -0.104667 2.745235
0.191889 -0.157000 -0.087222 2.748689
-0.017444 -0.087222 0.104667 2.751873
-0.052333 -0.034889 0.069778 2.755000
-0.034889 -0.139556 0.000000 2.758108
-0.139556 0.017444 0.000000 2.761667
0.000000 -0.069778 0.104667 2.765073
0.017444 -0.087222 0.017444 2.768477
0.244222 -0.087222 0.069778 2.771842
0.174444 -0.069778 -0.087222 2.775090
0.000000 -0.104667 -0.052333 2.778609
0.191889 -0.034889 0.017444 2.781941
-0.052333 -0.069778 0.139556 2.785045
0.052333 -0.034889 0.122111 2.788171
0.052333 -0.017444 0.000000 2.791267
0.069778 -0.052333 0.017444 2.795054
0.069778 -0.174444 -0.017444 2.798569
0.017444 -0.052333 -0.052333 2.801981
-0.052333 -0.069778 -0.017444 2.805178
-0.017444 0.034889 0.017444 2.808304
-0.226778 -0.104667 -0.087222 2.812146
-0.122111 -0.261667 -0.087222 2.815546
0.052333 -0.087222 -0.122111 2.818693
0.104667 -0.157000 0.017444 2.821818
-0.087222 -0.034889 0.034889 2.824951
-0.034889 -0.157000 -0.017444 2.828985
-0.104667 -0.087222 0.087222 2.832573
0.052333 -0.157000 0.034889 2.836000
-0.104667 -0.331444 -0.034889 2.839202
0.000000 -0.087222 0.052333 2.842311
-0.104667 -0.174444 -0.052333 2.846010
0.017444 -0.209333 0.017444 2.849179
-0.069778 -0.069778 0.174444 2.852340
0.087222 -0.122111 0.139556 2.855454
-0.104667 -0.034889 0.052333 2.858772
0.017444 -0.139556 -0.034889 2.862768
-0.157000 0.000000 0.069778 2.866251
0.087222 -0.104667 0.034889 2.869430
0.069778 -0.139556 0.069778 2.872550
-0.104667 -0.139556 0.017444 2.875959
0.104667 -0.087222 0.034889 2.879581
-0.087222 -0.209333 0.052333 2.882786
-0.017444 -0.139556 0.000000 2.885931
0.000000 -0.174444 0.087222 2.889036
0.104667 -0.104667 -0.017444 2.892464
0.052333 0.017444 0.034889 2.896176
-0.017444 -0.122111 0.052333 2.899602
0.069778 -0.087222 -0.034889 2.902771
-0.104667 -0.139556 0.087222 2.905914
0.000000 -0.174444 -0.069778 2.909268
-0.122111 -0.104667 0.104667 2.912936
-0.069778 -0.087222 0.034889 2.916046
-0.139556 -0.244222 -0.034889 2.919222
0.034889 -0.122111 0.034889 2.922617
-0.052333 -0.261667 0.000000 2.926530
0.000000 -0.244222 -0.034889 2.930087
-0.017444 -0.191889 0.069778 2.933280
-0.017444 -0.174444 -0.034889 2.936448
0.104667 -0.104667 0.052333 2.939979
0.052333 -0.139556 0.017444 2.943561
0.000000 -0.034889 0.034889 2.946870
0.139556 -0.104667 -0.052333 2.950048
0.000000 -0.017444 -0.034889 2.953378
0.034889 -0.209333 -0.087222 2.957259
-0.157000 -0.157000 -0.017444 2.960933
0.069778 -0.034889 0.087222 2.964128
-0.122111 -0.122111 0.087222 2.967287
-0.017444 -0.104667 0.104667 2.970505
0.017444 -0.069778 0.069778 2.973791
-0.087222 -0.209333 -0.017444 2.977490
-0.122111 -0.139556 0.087222 2.980661
-0.104667 -0.104667 0.034889 2.983984
-0.034889 -0.034889 0.000000 2.987977
0.000000 0.034889 0.017444 2.991206
0.034889 -0.157000 0.017444 2.994761
0.017444 -0.174444 0.122111 2.997970
-0.069778 -0.261667 0.000000 3.001119
