0.174444 0.087222 -0.680333 0.003901
0.000000 -0.104667 -0.261667 0.007246
0.174444 -0.314000 0.471000 0.010475
-0.034889 -0.122111 -0.279111 0.015659
0.122111 0.087222 -0.575667 0.019205
-0.017444 -0.034889 -0.226778 0.022932
-0.017444 -0.174444 0.453556 0.027570
-0.034889 0.069778 -0.488444 0.031621
0.000000 -0.174444 0.505889 0.035601
0.069778 -0.157000 0.348889 0.039130
0.017444 -0.261667 0.628000 0.042430
-0.104667 -0.104667 0.418667 0.046645
0.034889 -0.209333 0.331444 0.050149
-0.034889 -0.122111 0.523333 0.053327
0.087222 -0.157000 0.314000 0.056622
0.034889 -0.191889 0.505889 0.060055
0.122111 -0.174444 0.296556 0.063971
0.139556 -0.017444 -0.383778 0.068327
-0.087222 -0.087222 -0.331444 0.071954
-0.034889 -0.069778 -0.069778 0.075318
-0.157000 -0.157000 0.209333 0.079644
-0.052333 -0.174444 0.209333 0.083214
0.034889 -0.226778 0.453556 0.086735
-0.087222 -0.191889 -0.296556 0.090145
-0.017444 -0.052333 -0.314000 0.094324
0.034889 -0.087222 -0.087222 0.098986
0.139556 0.017444 -0.191889 0.102636
0.000000 -0.034889 0.000000 0.105874
0.017444 -0.191889 0.157000 0.109010
0.034889 -0.157000 -0.052333 0.112666
-0.087222 -0.157000 0.122111 0.116132
0.000000 -0.244222 0.226778 0.119421
-0.104667 -0.261667 0.279111 0.122835
-0.122111 -0.174444 0.017444 0.126372
0.000000 -0.122111 -0.209333 0.130862
-0.069778 -0.122111 -0.157000 0.134435
-0.017444 -0.139556 0.087222 0.137753
-0.069778 0.017444 0.000000 0.140906
-0.139556 -0.017444 -0.069778 0.144062
-0.069778 0.017444 -0.034889 0.147821
0.069778 0.087222 0.226778 0.151133
-0.069778 -0.104667 0.139556 0.154506
0.000000 0.000000 0.226778 0.157944
-0.052333 -0.087222 0.034889 0.161306
0.052333 -0.052333 0.017444 0.165121
0.017444 -0.244222 0.104667 0.168610
0.087222 -0.174444 0.279111 0.171885
0.017444 -0.191889 0.052333 0.175145
0.052333 -0.261667 0.191889 0.178947
-0.034889 -0.069778 -0.104667 0.182462
0.157000 -0.122111 -0.191889 0.185989
0.000000 -0.087222 -0.069778 0.189480
0.034889 -0.157000 0.000000 0.192654
0.017444 -0.209333 0.209333 0.196445
-0.052333 -0.174444 -0.122111 0.199891
-0.087222 -0.104667 -0.157000 0.203109
0.087222 -0.069778 -0.052333 0.206242
-0.017444 0.052333 -0.034889 0.209297
-0.017444 -0.174444 0.122111 0.213082
0.034889 -0.069778 -0.104667 0.216550
0.017444 -0.104667 0.104667 0.220476
-0.087222 -0.052333 0.157000 0.223770
0.087222 -0.209333 -0.017444 0.226928
0.000000 -0.139556 0.174444 0.231218
0.034889 -0.139556 0.034889 0.234911
-0.157000 -0.122111 0.017444 0.238285
0.122111 -0.122111 -0.034889 0.241643
-0.104667 -0.034889 -0.122111 0.245350
0.034889 -0.052333 0.017444 0.249450
0.017444 -0.122111 0.000000 0.253613
-0.087222 -0.296556 -0.191889 0.257069
0.017444 0.139556 -0.087222 0.260544
0.052333 -0.104667 0.122111 0.264392
0.000000 -0.052333 0.000000 0.267807
-0.122111 -0.069778 0.069778 0.271137
0.017444 -0.052333 0.017444 0.274418
0.017444 0.052333 0.000000 0.277752
-0.069778 -0.139556 0.000000 0.282414
-0.087222 -0.069778 -0.087222 0.285917
0.000000 -0.069778 0.000000 0.289069
-0.104667 0.052333 0.000000 0.292177
0.087222 -0.104667 -0.157000 0.295872
0.104667 -0.104667 -0.052333 0.299180
0.000000 -0.034889 -0.017444 0.302362
0.174444 0.034889 0.226778 0.305458
0.104667 -0.226778 0.000000 0.308551
0.087222 -0.104667 -0.017444 0.312470
-0.017444 -0.226778 0.017444 0.316160
0.069778 -0.314000 0.069778 0.319313
-0.104667 -0.069778 0.087222 0.322469
0.052333 -0.069778 0.017444 0.325608
0.069778 -0.087222 0.069778 0.329268
-0.034889 -0.191889 0.174444 0.332638
0.034889 0.052333 0.000000 0.335785
-0.209333 -0.017444 -0.052333 0.338933
0.052333 -0.017444 0.104667 0.342309
-0.017444 -0.174444 0.017444 0.346097
0.034889 -0.174444 0.034889 0.349500
-0.034889 0.034889 -0.017444 0.352673
0.122111 -0.174444 0.034889 0.355801
-0.052333 -0.069778 -0.017444 0.359067
0.017444 -0.087222 0.052333 0.362683
-0.052333 -0.104667 0.104667 0.365885
-0.069778 -0.122111 0.000000 0.369042
-0.052333 -0.191889 0.000000 0.372369
0.174444 -0.139556 -0.104667 0.376400
-0.069778 -0.052333 -0.017444 0.380015
0.017444 -0.069778 0.034889 0.383212
0.000000 0.000000 -0.104667 0.386348
-0.069778 0.034889 0.017444 0.389463
0.052333 -0.174444 -0.034889 0.392726
0.017444 -0.122111 0.104667 0.396259
0.017444 -0.122111 0.104667 0.399457
0.017444 -0.244222 0.052333 0.402587
0.122111 -0.017444 -0.017444 0.406038
0.157000 -0.069778 -0.139556 0.409399
-0.174444 -0.017444 -0.139556 0.413023
-0.052333 -0.174444 -0.017444 0.416281
-0.017444 -0.191889 -0.191889 0.419462
0.034889 -0.104667 -0.034889 0.422584
-0.052333 -0.034889 0.122111 0.425737
0.052333 -0.069778 0.052333 0.428872
-0.017444 -0.139556 0.104667 0.431993
0.122111 -0.122111 0.000000 0.435241
-0.034889 -0.034889 -0.104667 0.439159
-0.017444 -0.017444 -0.017444 0.442852
-0.157000 -0.087222 0.034889 0.446086
-0.052333 -0.104667 0.000000 0.449257
0.034889 -0.104667 -0.017444 0.452437
0.104667 -0.069778 -0.034889 0.456054
0.034889 -0.122111 -0.017444 0.459290
0.017444 -0.209333 0.104667 0.462448
-0.104667 -0.157000 0.017444 0.465603
0.000000 0.017444 0.017444 0.468923
0.000000 -0.209333 -0.017444 0.472680
0.000000 -0.104667 0.157000 0.475905
0.000000 -0.209333 0.052333 0.479407
0.017444 -0.261667 0.000000 0.482622
-0.017444 -0.226778 0.017444 0.485796
-0.052333 -0.139556 0.104667 0.489051
-0.052333 -0.314000 0.052333 0.492192
-0.034889 -0.069778 0.017444 0.495477
-0.052333 -0.069778 0.034889 0.498910
0.157000 -0.052333 0.052333 0.502446
0.139556 -0.104667 0.052333 0.505757
-0.017444 0.000000 0.122111 0.508868
-0.034889 -0.069778 0.000000 0.512549
0.017444 -0.209333 0.034889 0.515745
0.017444 -0.052333 0.034889 0.518980
0.104667 -0.087222 0.052333 0.522170
0.069778 -0.087222 0.122111 0.525267
0.122111 -0.244222 0.000000 0.528685
-0.034889 -0.174444 0.017444 0.532367
0.139556 -0.069778 0.000000 0.536146
-0.157000 -0.017444 -0.017444 0.539296
-0.122111 -0.017444 -0.052333 0.542492
0.000000 -0.104667 -0.157000 0.546363
0.034889 -0.174444 0.157000 0.551307
0.000000 -0.191889 -0.034889 0.554628
0.122111 -0.069778 0.069778 0.557762
-0.122111 -0.069778 0.000000 0.562556
-0.052333 -0.087222 -0.052333 0.566698
0.034889 -0.209333 0.104667 0.569927
0.000000 -0.209333 -0.122111 0.573062
0.017444 -0.314000 0.034889 0.576186
-0.122111 -0.122111 0.069778 0.579658
0.052333 -0.191889 -0.052333 0.582945
0.139556 -0.139556 -0.191889 0.586095
-0.244222 -0.087222 0.034889 0.589239
-0.017444 0.000000 0.017444 0.592587
-0.017444 -0.139556 0.157000 0.596198
0.052333 -0.087222 -0.052333 0.599663
0.017444 -0.069778 0.017444 0.602843
0.017444 -0.052333 0.122111 0.605978
-0.052333 -0.191889 0.034889 0.609112
0.191889 -0.104667 -0.034889 0.612578
-0.104667 -0.069778 0.034889 0.615795
0.017444 -0.122111 0.052333 0.618930
0.069778 0.034889 0.000000 0.621992
0.017444 -0.034889 0.087222 0.625371
-0.034889 -0.139556 0.104667 0.629046
-0.069778 -0.104667 -0.017444 0.632315
0.034889 -0.017444 0.052333 0.635445
-0.034889 -0.139556 -0.017444 0.638618
-0.017444 -0.104667 0.069778 0.641750
-0.069778 -0.122111 0.087222 0.644859
0.052333 -0.087222 -0.034889 0.648014
-0.017444 -0.034889 0.104667 0.651134
-0.052333 -0.139556 0.069778 0.654406
-0.122111 -0.244222 0.034889 0.658389
-0.052333 -0.139556 -0.104667 0.661969
0.052333 -0.209333 0.034889 0.665137
0.087222 -0.122111 0.087222 0.668271
-0.104667 -0.104667 0.017444 0.671396
0.052333 -0.174444 -0.052333 0.674537
0.000000 -0.139556 -0.017444 0.677686
-0.087222 -0.034889 -0.052333 0.680887
0.017444 -0.052333 -0.069778 0.684032
-0.017444 -0.069778 0.000000 0.687430
0.104667 -0.244222 0.000000 0.691100
-0.052333 -0.139556 -0.034889 0.694417
0.069778 -0.209333 0.052333 0.698012
-0.209333 -0.157000 -0.104667 0.701260
0.087222 -0.052333 -0.017444 0.704413
0.069778 -0.104667 -0.052333 0.707554
0.000000 -0.034889 0.052333 0.710771
-0.087222 -0.122111 0.122111 0.714017
-0.157000 -0.034889 0.104667 0.717378
0.104667 -0.034889 -0.052333 0.720821
0.034889 -0.069778 -0.087222 0.724016
-0.139556 -0.174444 0.000000 0.727190
-0.122111 -0.226778 0.087222 0.730787
0.052333 -0.139556 -0.017444 0.733984
-0.209333 -0.157000 0.000000 0.737211
-0.087222 0.000000 -0.034889 0.740376
-0.069778 -0.122111 -0.087222 0.743498
0.087222 -0.244222 0.069778 0.746613
