-0.174444 -0.069778 -0.471000
0.000000 -0.069778 -0.226778
0.104667 -0.122111 -0.157000
0.052333 -0.139556 -0.296556
-0.052333 0.000000 -0.174444
0.139556 -0.034889 -0.436111
-0.104667 0.000000 -0.104667
0.052333 -0.034889 0.087222
-0.052333 -0.122111 0.104667
-0.017444 -0.017444 -0.122111
0.087222 -0.087222 -0.314000
0.034889 0.034889 0.296556
-0.087222 -0.226778 0.244222
-0.104667 -0.122111 0.296556
0.017444 -0.122111 0.314000
0.000000 -0.034889 0.209333
0.104667 -0.174444 0.000000
-0.052333 -0.209333 0.104667
-0.034889 -0.122111 -0.087222
-0.122111 -0.034889 0.069778
0.157000 0.017444 -0.069778
-0.104667 -0.122111 0.366333
0.087222 -0.157000 0.034889
-0.209333 -0.157000 0.314000
-0.034889 -0.191889 0.122111
-0.034889 -0.087222 0.191889
0.034889 -0.174444 -0.139556
0.157000 -0.157000 0.279111
0.104667 -0.052333 0.174444
-0.052333 -0.261667 0.122111
0.069778 -0.087222 -0.139556
0.034889 -0.139556 0.034889
-0.052333 -0.157000 0.226778
-0.069778 -0.139556 0.174444
-0.034889 -0.069778 0.157000
0.122111 -0.174444 0.191889
-0.017444 -0.157000 -0.122111
0.087222 -0.244222 0.174444
-0.069778 -0.157000 0.034889
0.122111 -0.174444 0.157000
-0.069778 -0.261667 0.069778
0.000000 -0.069778 0.052333
0.226778 -0.087222 -0.104667
-0.069778 -0.226778 0.174444
0.087222 -0.069778 0.122111
-0.034889 -0.087222 0.087222
0.069778 -0.087222 0.087222
-0.034889 -0.226778 0.104667
0.052333 -0.104667 0.034889
-0.034889 -0.069778 -0.191889
0.000000 0.017444 -0.052333
-0.017444 -0.191889 0.139556
0.000000 -0.087222 -0.052333
-0.087222 -0.139556 0.034889
0.087222 -0.157000 -0.017444
0.000000 -0.174444 0.052333
0.052333 -0.209333 0.087222
0.017444 -0.122111 0.052333
0.139556 -0.104667 0.087222
-0.174444 -0.052333 0.087222
0.017444 -0.191889 0.052333
0.122111 -0.087222 -0.069778
0.069778 -0.087222 0.034889
-0.017444 -0.191889 0.017444
0.017444 -0.104667 0.034889
0.122111 -0.157000 -0.017444
0.087222 -0.052333 0.000000
0.000000 -0.122111 0.000000
0.034889 -0.209333 0.000000
-0.017444 -0.226778 0.000000
-0.069778 -0.104667 -0.017444
-0.017444 -0.139556 0.244222
0.052333 -0.244222 0.122111
-0.104667 -0.052333 0.087222
-0.017444 -0.139556 -0.034889
-0.017444 -0.052333 -0.052333
-0.052333 -0.122111 0.052333
-0.157000 -0.139556 0.000000
0.000000 -0.104667 -0.052333
0.174444 -0.244222 0.052333
-0.104667 -0.157000 0.000000
0.017444 -0.069778 0.122111
0.034889 -0.104667 0.017444
0.157000 -0.069778 0.000000
-0.122111 -0.052333 0.087222
0.104667 -0.157000 -0.034889
0.034889 -0.104667 0.191889
-0.052333 -0.087222 0.052333
-0.069778 -0.191889 0.139556
0.122111 0.017444 0.069778
0.000000 0.017444 -0.104667
0.017444 -0.157000 0.017444
0.000000 -0.087222 -0.017444
0.034889 -0.191889 0.017444
0.069778 -0.122111 0.034889
0.000000 -0.087222 0.000000
-0.034889 -0.122111 0.017444
0.087222 -0.104667 0.034889
0.017444 0.000000 0.157000
0.017444 -0.122111 0.017444
-0.017444 -0.087222 0.017444
0.052333 -0.069778 0.000000
0.000000 -0.017444 -0.052333
-0.017444 -0.087222 -0.069778
-0.052333 -0.104667 -0.052333
0.087222 -0.104667 0.087222
-0.087222 -0.157000 -0.034889
0.000000 -0.104667 0.052333
0.000000 -0.139556 0.017444
-0.017444 -0.209333 0.000000
-0.017444 -0.157000 0.139556
0.139556 -0.104667 0.104667
-0.104667 -0.139556 0.052333
-0.034889 -0.122111 0.052333
0.087222 -0.087222 -0.104667
-0.087222 -0.104667 -0.017444
-0.034889 -0.087222 0.034889
0.191889 -0.191889 0.052333
0.000000 -0.104667 -0.017444
0.052333 -0.157000 0.000000
-0.104667 -0.104667 -0.087222
0.104667 -0.087222 -0.017444
-0.139556 0.017444 -0.069778
0.052333 -0.157000 -0.034889
-0.087222 0.069778 0.104667
-0.069778 -0.122111 0.000000
0.139556 -0.191889 -0.034889
0.069778 -0.174444 0.034889
-0.069778 -0.157000 0.069778
-0.209333 -0.034889 0.034889
0.000000 -0.139556 0.052333
-0.122111 -0.174444 -0.034889
-0.034889 -0.122111 0.034889
0.000000 -0.034889 -0.052333
0.069778 -0.034889 -0.034889
-0.157000 -0.069778 0.069778
-0.069778 0.034889 -0.139556
0.069778 -0.087222 0.052333
-0.034889 -0.052333 -0.017444
-0.087222 -0.139556 0.122111
0.052333 -0.104667 -0.017444
0.157000 -0.087222 0.034889
-0.087222 -0.104667 0.069778
-0.174444 -0.052333 -0.034889
0.122111 -0.157000 0.157000
0.069778 -0.069778 0.017444
0.069778 -0.087222 0.000000
-0.157000 -0.104667 -0.069778
0.191889 -0.069778 0.052333
-0.034889 -0.087222 0.052333
-0.034889 -0.122111 0.034889
-0.157000 -0.122111 0.069778
-0.157000 -0.157000 0.034889
-0.139556 -0.087222 0.104667
-0.104667 -0.104667 0.000000
0.017444 -0.139556 0.139556
-0.017444 -0.052333 0.034889
-0.052333 -0.209333 0.017444
0.000000 -0.226778 0.069778
0.069778 -0.174444 -0.052333
-0.034889 -0.087222 -0.017444
0.087222 -0.122111 0.069778
0.069778 -0.052333 -0.052333
-0.017444 -0.104667 0.017444
-0.157000 -0.069778 0.069778
-0.087222 -0.052333 0.052333
-0.122111 -0.052333 -0.104667
0.157000 -0.017444 0.034889
0.209333 -0.174444 -0.017444
-0.087222 -0.226778 -0.087222
0.017444 -0.069778 0.104667
-0.052333 -0.157000 0.000000
-0.052333 -0.191889 -0.157000
-0.087222 -0.139556 0.069778
0.000000 -0.104667 0.122111
0.104667 -0.087222 0.017444
-0.017444 -0.069778 -0.122111
0.034889 -0.104667 0.104667
-0.034889 -0.139556 0.069778
0.052333 -0.069778 0.000000
-0.139556 -0.087222 -0.017444
-0.017444 0.017444 0.087222
0.000000 -0.157000 -0.034889
-0.017444 -0.139556 0.052333
0.104667 -0.139556 -0.017444
0.034889 -0.104667 0.034889
0.069778 -0.157000 -0.017444
0.209333 -0.157000 0.052333
-0.034889 -0.087222 0.017444
-0.087222 -0.069778 0.104667
0.104667 -0.122111 0.000000
-0.052333 -0.052333 -0.017444
-0.052333 -0.296556 -0.017444
-0.034889 -0.139556 -0.087222
0.000000 -0.157000 0.034889
-0.017444 -0.087222 0.052333
0.017444 -0.174444 -0.034889
-0.104667 -0.017444 -0.052333
0.034889 -0.209333 0.139556
0.000000 -0.174444 0.000000
0.034889 -0.017444 0.017444
0.122111 -0.139556 -0.052333
0.069778 -0.191889 0.052333
-0.087222 -0.122111 0.000000
0.000000 -0.052333 0.017444
-0.017444 -0.157000 0.034889
-0.034889 -0.017444 0.052333
-0.034889 -0.069778 0.017444
0.122111 -0.069778 0.069778
-0.087222 -0.087222 0.052333
-0.034889 -0.139556 -0.052333
0.052333 -0.104667 0.069778
-0.034889 -0.122111 0.104667
-0.139556 -0.191889 0.226778
-0.017444 -0.174444 -0.017444
0.069778 -0.174444 0.000000
-0.034889 -0.209333 0.017444
0.000000 -0.087222 0.087222
-0.017444 -0.052333 0.034889
0.017444 -0.296556 0.017444
0.034889 -0.034889 0.034889
0.104667 -0.104667 -0.017444
0.052333 -0.174444 0.034889
-0.069778 0.104667 -0.069778
-0.174444 -0.052333 0.087222
-0.139556 -0.122111 0.017444
-0.069778 -0.209333 0.034889
-0.104667 -0.122111 0.000000
0.017444 -0.052333 -0.017444
0.000000 -0.087222 -0.034889
-0.034889 -0.174444 -0.017444
0.122111 -0.122111 0.017444
-0.034889 -0.122111 0.052333
0.034889 -0.122111 0.017444
0.017444 -0.122111 0.069778
0.052333 -0.069778 0.017444
-0.017444 -0.157000 0.017444
0.017444 -0.122111 0.034889
0.052333 -0.226778 0.087222
0.069778 0.017444 0.087222
0.034889 -0.052333 0.087222
0.052333 -0.034889 0.052333
-0.017444 -0.157000 -0.052333
0.034889 -0.104667 -0.017444
-0.087222 -0.069778 -0.087222
0.104667 -0.209333 -0.017444
-0.052333 -0.069778 -0.017444
-0.017444 -0.052333 -0.122111
-0.034889 -0.104667 0.052333
-0.052333 -0.052333 -0.087222
-0.122111 -0.139556 0.000000
0.000000 -0.122111 0.052333
0.017444 -0.209333 -0.087222
0.087222 -0.087222 0.000000
0.000000 -0.104667 0.034889
0.104667 -0.052333 -0.034889
0.000000 -0.017444 -0.052333
0.034889 -0.191889 0.017444
0.000000 -0.191889 0.069778
0.034889 -0.139556 0.052333
0.000000 -0.069778 0.017444
-0.034889 -0.052333 0.034889
0.069778 -0.139556 -0.017444
0.052333 -0.017444 0.087222
0.017444 -0.069778 -0.017444
-0.174444 -0.104667 0.052333
-0.157000 0.000000 -0.087222
-0.017444 -0.104667 -0.017444
-0.087222 -0.226778 0.052333
0.069778 -0.052333 -0.052333
-0.087222 -0.122111 0.174444
0.069778 -0.174444 0.000000
0.034889 -0.052333 0.034889
0.157000 0.052333 0.034889
-0.226778 -0.157000 0.017444
-0.034889 -0.226778 0.034889
-0.034889 -0.069778 -0.017444
0.034889 0.034889 -0.034889
-0.017444 -0.122111 0.034889
0.104667 -0.191889 0.122111
0.000000 -0.069778 0.034889
0.000000 -0.191889 0.157000
-0.034889 -0.226778 0.069778
-0.034889 -0.034889 0.052333
-0.052333 -0.122111 0.000000
