rads/s rads/s rads/s sec
initial data: -0.017444 -0.244222 0.610556
0.157000 0.034889 -0.662889 0.006427
-0.104667 -0.052333 -0.261667 0.009746
-0.034889 -0.261667 0.296556 0.013112
-0.069778 -0.261667 0.610556 0.016362
-0.069778 -0.104667 0.261667 0.020095
0.087222 -0.139556 -0.034889 0.023416
0.000000 -0.191889 0.453556 0.026896
-0.034889 0.052333 -0.488444 0.030977
0.052333 -0.174444 0.087222 0.034693
-0.104667 -0.139556 -0.139556 0.038350
0.139556 -0.244222 0.261667 0.041727
0.104667 -0.191889 0.575667 0.045062
0.139556 -0.244222 0.418667 0.048311
-0.052333 -0.244222 0.453556 0.052015
0.034889 -0.034889 -0.296556 0.055627
0.017444 -0.034889 -0.418667 0.059104
-0.017444 -0.139556 -0.226778 0.062585
0.000000 -0.226778 0.104667 0.065750
0.069778 0.000000 -0.226778 0.069417
0.034889 -0.174444 0.366333 0.072839
-0.104667 -0.104667 0.191889 0.076032
-0.122111 -0.034889 0.279111 0.079396
0.017444 -0.226778 -0.017444 0.082568
0.052333 -0.104667 0.279111 0.086145
0.069778 -0.139556 -0.296556 0.089697
-0.017444 -0.069778 -0.191889 0.093192
0.017444 -0.191889 0.139556 0.096384
-0.104667 -0.122111 -0.104667 0.099590
-0.069778 -0.052333 -0.296556 0.103494
0.087222 -0.087222 -0.052333 0.106743
0.034889 -0.052333 0.296556 0.110041
-0.069778 -0.069778 0.017444 0.113235
-0.087222 -0.296556 0.191889 0.116407
0.000000 -0.261667 0.314000 0.120434
-0.139556 -0.174444 -0.104667 0.124613
0.000000 -0.157000 -0.122111 0.127921
0.034889 -0.034889 -0.226778 0.131071
-0.052333 -0.122111 -0.104667 0.134890
-0.034889 -0.104667 -0.034889 0.138396
0.104667 -0.174444 0.261667 0.141695
-0.139556 -0.226778 0.122111 0.144916
0.017444 -0.226778 0.279111 0.148041
0.191889 -0.418667 0.052333 0.152190
0.017444 -0.122111 -0.174444 0.155799
0.226778 -0.157000 0.122111 0.159616
-0.122111 -0.104667 -0.174444 0.162863
0.000000 -0.157000 0.017444 0.165994
-0.017444 -0.191889 0.139556 0.169976
-0.087222 -0.069778 0.174444 0.173362
0.052333 -0.122111 0.279111 0.176500
0.087222 -0.104667 0.139556 0.179700
-0.052333 -0.087222 0.034889 0.182887
-0.104667 -0.191889 -0.157000 0.186988
-0.069778 -0.052333 0.034889 0.190763
-0.052333 -0.087222 -0.017444 0.193948
0.157000 -0.069778 -0.087222 0.197091
-0.174444 -0.052333 -0.017444 0.200294
-0.087222 -0.174444 -0.209333 0.204093
0.017444 -0.069778 0.191889 0.207489
0.157000 -0.157000 0.069778 0.210690
-0.017444 -0.191889 0.087222 0.213828
-0.104667 -0.157000 0.034889 0.217158
0.017444 -0.034889 0.087222 0.221140
0.000000 -0.104667 0.034889 0.225045
-0.174444 -0.087222 0.087222 0.228236
-0.017444 -0.226778 0.069778 0.231393
0.017444 -0.174444 -0.034889 0.235141
-0.052333 -0.069778 0.069778 0.238450
0.279111 -0.157000 0.157000 0.241553
0.017444 -0.104667 0.034889 0.244684
0.017444 -0.122111 0.087222 0.247957
-0.174444 -0.052333 0.069778 0.251863
-0.034889 -0.139556 -0.052333 0.255542
-0.104667 -0.034889 0.017444 0.258705
0.087222 -0.087222 0.017444 0.261852
0.034889 -0.087222 -0.104667 0.265007
0.157000 -0.104667 -0.034889 0.268867
0.226778 -0.174444 0.052333 0.272291
-0.052333 -0.209333 0.122111 0.275477
0.191889 -0.122111 0.139556 0.278594
-0.069778 -0.069778 0.052333 0.282002
0.052333 -0.157000 0.069778 0.285850
-0.017444 -0.069778 -0.069778 0.289079
0.087222 -0.157000 -0.034889 0.292253
0.017444 -0.017444 -0.017444 0.295422
0.052333 -0.226778 0.052333 0.298576
0.017444 -0.139556 -0.052333 0.302309
-0.052333 -0.122111 -0.069778 0.305483
-0.069778 -0.104667 -0.052333 0.308675
0.069778 -0.209333 0.122111 0.312062
0.087222 -0.052333 0.069778 0.315480
0.017444 -0.226778 -0.017444 0.319232
-0.052333 -0.034889 0.122111 0.322464
0.104667 -0.104667 0.052333 0.325624
0.000000 -0.052333 0.034889 0.328750
0.157000 -0.122111 -0.069778 0.331892
0.000000 -0.069778 0.087222 0.335414
-0.017444 -0.139556 0.052333 0.338648
0.087222 -0.052333 -0.069778 0.341999
0.069778 -0.139556 -0.104667 0.345990
0.209333 -0.157000 -0.069778 0.349315
-0.052333 -0.017444 -0.017444 0.352981
-0.087222 -0.017444 0.017444 0.356207
0.034889 -0.191889 -0.034889 0.359365
0.052333 -0.279111 0.034889 0.362479
0.052333 -0.052333 0.034889 0.365759
0.034889 -0.174444 0.017444 0.369341
0.034889 -0.069778 -0.122111 0.372520
0.087222 -0.139556 -0.034889 0.375932
0.122111 -0.104667 -0.087222 0.379408
-0.034889 -0.157000 -0.087222 0.382697
0.122111 -0.139556 -0.052333 0.386337
-0.034889 -0.191889 0.052333 0.389550
-0.034889 -0.069778 -0.034889 0.392740
0.000000 -0.174444 0.052333 0.395804
0.000000 -0.191889 0.052333 0.398914
0.122111 0.034889 -0.174444 0.402090
0.017444 0.034889 0.017444 0.405365
-0.122111 -0.191889 0.052333 0.409314
-0.034889 -0.174444 0.034889 0.412966
0.000000 -0.104667 0.069778 0.416158
-0.139556 -0.261667 -0.034889 0.419376
0.034889 -0.069778 0.122111 0.422519
0.087222 -0.122111 0.069778 0.425647
0.104667 -0.069778 0.157000 0.428857
-0.034889 -0.087222 0.069778 0.432636
0.104667 -0.157000 -0.017444 0.436671
-0.017444 -0.122111 0.000000 0.441246
-0.052333 -0.069778 0.017444 0.445131
-0.139556 -0.157000 0.017444 0.448422
0.122111 -0.139556 0.034889 0.451988
0.209333 0.104667 0.087222 0.455119
0.000000 -0.069778 0.034889 0.458222
-0.052333 -0.157000 0.000000 0.461479
-0.104667 -0.157000 0.104667 0.464729
-0.034889 0.034889 0.052333 0.468100
0.017444 0.017444 0.034889 0.472021
0.000000 -0.034889 0.017444 0.475322
0.174444 0.034889 0.017444 0.478443
0.017444 -0.034889 0.069778 0.481587
-0.069778 -0.017444 0.069778 0.485216
0.157000 0.000000 0.052333 0.488410
-0.034889 -0.122111 0.069778 0.491569
-0.069778 -0.087222 -0.017444 0.494886
0.000000 -0.139556 -0.087222 0.497999
0.069778 -0.087222 -0.017444 0.501905
-0.069778 -0.087222 -0.034889 0.505588
0.000000 -0.174444 0.034889 0.508861
-0.069778 -0.157000 -0.052333 0.512083
0.052333 -0.087222 0.139556 0.515135
0.000000 -0.191889 0.000000 0.518700
0.052333 -0.174444 0.069778 0.521912
0.052333 -0.139556 0.087222 0.525131
-0.139556 -0.104667 0.017444 0.528306
-0.017444 -0.052333 0.017444 0.531703
-0.104667 -0.069778 0.017444 0.535734
0.000000 -0.017444 -0.069778 0.539376
0.087222 -0.122111 0.104667 0.542766
-0.191889 -0.226778 0.069778 0.546083
-0.017444 -0.139556 -0.052333 0.549339
0.034889 -0.261667 0.000000 0.553218
0.000000 -0.034889 0.000000 0.556791
0.017444 0.069778 0.000000 0.560872
0.034889 -0.052333 0.000000 0.564231
0.052333 -0.104667 -0.122111 0.568095
0.122111 -0.052333 0.017444 0.571345
-0.122111 -0.139556 0.087222 0.574626
-0.104667 -0.191889 0.069778 0.577793
0.069778 -0.191889 0.017444 0.580901
0.052333 -0.087222 -0.034889 0.584500
0.017444 -0.122111 0.000000 0.587773
-0.087222 -0.034889 0.000000 0.591005
0.122111 -0.087222 -0.052333 0.594420
0.104667 -0.017444 0.069778 0.598006
-0.122111 -0.174444 0.104667 0.601640
-0.122111 -0.122111 0.000000 0.604913
-0.017444 -0.087222 0.034889 0.608110
0.034889 -0.139556 0.174444 0.611212
-0.017444 -0.104667 -0.069778 0.614346
0.069778 0.017444 0.017444 0.618263
0.034889 0.017444 0.034889 0.622073
-0.052333 -0.034889 -0.052333 0.625552
0.139556 -0.191889 0.104667 0.628956
0.034889 -0.226778 0.052333 0.632113
0.000000 -0.087222 0.087222 0.635949
-0.139556 -0.157000 0.139556 0.639298
-0.087222 -0.279111 -0.034889 0.642501
0.139556 -0.122111 0.052333 0.645609
-0.069778 -0.052333 0.104667 0.648743
0.139556 -0.122111 -0.069778 0.653696
0.139556 -0.104667 0.017444 0.657158
0.122111 -0.104667 0.000000 0.660767
-0.052333 -0.122111 0.069778 0.663905
0.069778 -0.052333 0.087222 0.667423
0.191889 -0.034889 -0.034889 0.671105
-0.087222 0.000000 0.017444 0.674406
-0.104667 -0.139556 -0.139556 0.677716
-0.034889 -0.139556 -0.069778 0.681053
-0.087222 -0.157000 0.139556 0.684808
-0.139556 -0.139556 -0.017444 0.688368
0.000000 -0.034889 0.104667 0.691851
0.017444 -0.087222 0.034889 0.695017
0.122111 -0.191889 0.069778 0.698177
-0.017444 -0.139556 -0.017444 0.701685
0.069778 -0.122111 0.017444 0.704912
-0.017444 -0.069778 0.000000 0.708046
-0.104667 -0.104667 -0.052333 0.711237
0.087222 -0.069778 0.052333 0.714350
-0.087222 -0.122111 0.000000 0.717702
0.000000 -0.087222 0.087222 0.721329
0.000000 -0.017444 -0.017444 0.724683
-0.052333 -0.052333 0.069778 0.727818
0.000000 -0.087222 0.139556 0.730979
0.034889 -0.226778 -0.069778 0.734097
-0.034889 -0.087222 -0.034889 0.737254
0.052333 -0.174444 -0.034889 0.740393
0.017444 -0.226778 0.017444 0.743818
0.052333 -0.139556 0.157000 0.746969
0.069778 -0.087222 0.017444 0.750727
-0.017444 -0.087222 -0.017444 0.754266
0.087222 -0.017444 -0.017444 0.757433
0.122111 -0.017444 -0.017444 0.760561
0.017444 -0.069778 -0.034889 0.763678
-0.104667 -0.017444 0.017444 0.766919
-0.034889 -0.191889 -0.017444 0.770517
-0.034889 -0.069778 0.122111 0.773701
0.087222 -0.226778 -0.069778 0.776848
-0.104667 -0.034889 -0.017444 0.780249
-0.017444 -0.139556 0.000000 0.783723
0.104667 -0.052333 0.052333 0.787222
0.069778 -0.174444 -0.052333 0.790404
0.087222 -0.157000 -0.104667 0.793556
0.104667 -0.017444 0.017444 0.796795
0.000000 -0.069778 0.052333 0.800012
0.122111 -0.104667 0.087222 0.803613
-0.034889 -0.069778 0.000000 0.806793
-0.052333 -0.034889 0.069778 0.810138
0.034889 -0.122111 -0.087222 0.814011
0.087222 -0.157000 0.000000 0.817424
-0.052333 -0.069778 0.069778 0.820738
-0.052333 -0.122111 -0.017444 0.823949
-0.017444 -0.069778 0.034889 0.827131
-0.087222 -0.157000 0.052333 0.830330
0.017444 -0.034889 0.087222 0.833546
0.052333 -0.069778 0.034889 0.836971
-0.069778 -0.174444 0.069778 0.840077
0.000000 -0.104667 -0.017444 0.843354
-0.034889 -0.157000 0.069778 0.846860
-0.087222 -0.087222 0.017444 0.850087
-0.069778 -0.191889 -0.017444 0.853682
0.226778 -0.034889 0.017444 0.856855
-0.139556 -0.122111 0.000000 0.860017
0.000000 -0.157000 0.087222 0.863245
0.000000 -0.139556 0.139556 0.866353
-0.017444 0.000000 -0.017444 0.869905
-0.069778 -0.069778 0.017444 0.873335
-0.191889 -0.174444 0.034889 0.876781
-0.069778 -0.139556 0.087222 0.879994
0.017444 -0.052333 0.087222 0.883114
0.017444 -0.104667 0.052333 0.886648
-0.087222 -0.104667 0.191889 0.889870
-0.104667 -0.157000 -0.017444 0.893116
-0.104667 -0.122111 0.069778 0.896343
-0.017444 -0.104667 0.034889 0.899508
0.017444 -0.174444 -0.052333 0.903107
0.104667 -0.069778 0.000000 0.906557
0.000000 -0.139556 -0.017444 0.910002
-0.017444 -0.034889 0.017444 0.913190
0.034889 -0.034889 0.087222 0.916290
-0.209333 -0.139556 -0.104667 0.919781
0.122111 0.017444 -0.017444 0.922998
-0.034889 -0.017444 0.017444 0.926162
-0.104667 -0.122111 0.052333 0.929309
0.034889 -0.157000 0.052333 0.932424
-0.052333 0.000000 -0.017444 0.935806
0.000000 -0.034889 0.052333 0.939708
0.087222 -0.174444 0.069778 0.943357
-0.017444 -0.139556 -0.017444 0.946569
-0.139556 0.017444 -0.034889 0.949698
0.017444 -0.174444 -0.104667 0.952882
-0.017444 -0.122111 0.052333 0.956044
-0.104667 -0.104667 0.034889 0.959205
0.034889 -0.087222 0.052333 0.962315
-0.017444 -0.087222 0.052333 0.965517
-0.052333 -0.139556 0.034889 0.968915
0.087222 -0.087222 -0.052333 0.972596
-0.087222 -0.087222 0.087222 0.975839
0.034889 0.017444 0.174444 0.978961
0.017444 -0.034889 -0.034889 0.982103
-0.104667 -0.069778 0.069778 0.985307
-0.017444 -0.122111 0.052333 0.988479
-0.069778 -0.069778 -0.034889 0.991650
0.000000 -0.157000 0.034889 0.994687
0.000000 -0.087222 0.122111 0.997921
-0.069778 -0.034889 0.017444 1.001854
0.087222 -0.104667 0.000000 1.005457
0.017444 -0.087222 0.104667 1.008635
-0.069778 -0.244222 0.069778 1.011786
0.069778 -0.104667 -0.017444 1.014917
-0.052333 -0.191889 -0.052333 1.018080
-0.017444 -0.104667 0.069778 1.021224
-0.069778 -0.157000 -0.104667 1.024372
0.052333 -0.191889 0.017444 1.027493
0.052333 -0.087222 0.034889 1.030897
-0.034889 -0.052333 -0.087222 1.034569
0.052333 -0.191889 0.000000 1.037781
0.052333 -0.034889 0.017444 1.040913
0.017444 -0.139556 -0.017444 1.044103
-0.069778 -0.174444 0.191889 1.047268
-0.069778 0.052333 0.000000 1.050414
-0.279111 -0.069778 0.122111 1.053553
-0.139556 0.000000 0.104667 1.056640
0.157000 -0.104667 -0.052333 1.059973
-0.017444 -0.017444 0.034889 1.063832
-0.052333 -0.017444 0.017444 1.067316
0.000000 0.017444 0.052333 1.070390
0.000000 -0.087222 0.017444 1.073521
0.017444 -0.104667 0.087222 1.076614
-0.087222 -0.034889 -0.017444 1.079790
0.052333 -0.226778 -0.069778 1.082943
0.034889 -0.209333 -0.087222 1.086147
0.052333 -0.087222 -0.104667 1.089278
0.122111 -0.122111 0.052333 1.092634
0.087222 -0.017444 0.157000 1.096132
0.034889 -0.209333 0.122111 1.099529
-0.034889 -0.174444 0.000000 1.102740
-0.069778 -0.087222 0.017444 1.105924
-0.069778 0.017444 -0.034889 1.109118
0.052333 -0.104667 0.139556 1.112344
-0.052333 -0.034889 -0.017444 1.115455
-0.087222 -0.034889 -0.034889 1.118636
0.052333 -0.122111 0.279111 1.121727
0.174444 -0.104667 -0.069778 1.125214
0.034889 -0.139556 0.069778 1.128794
0.000000 -0.296556 0.087222 1.132261
0.087222 -0.069778 0.069778 1.135427
-0.034889 -0.122111 0.069778 1.138585
0.122111 -0.087222 -0.034889 1.141720
0.017444 -0.122111 0.000000 1.144763
-0.017444 -0.034889 -0.104667 1.147929
0.000000 -0.209333 -0.052333 1.151068
-0.034889 -0.191889 0.069778 1.154205
0.087222 -0.139556 0.139556 1.157588
-0.052333 -0.104667 0.034889 1.161245
-0.052333 -0.034889 0.104667 1.164482
-0.069778 -0.139556 -0.017444 1.167699
-0.087222 -0.052333 -0.087222 1.170897
-0.017444 -0.104667 -0.139556 1.174068
-0.069778 -0.069778 -0.052333 1.177158
-0.034889 -0.139556 -0.017444 1.180327
0.017444 -0.034889 0.034889 1.183448
0.139556 -0.017444 0.052333 1.186725
-0.052333 -0.139556 0.052333 1.190648
0.034889 0.052333 0.191889 1.194204
0.069778 -0.122111 0.191889 1.197320
0.087222 -0.052333 0.000000 1.200493
0.017444 -0.191889 0.104667 1.203637
-0.034889 -0.069778 0.000000 1.206773
0.122111 -0.139556 -0.087222 1.209918
-0.052333 -0.122111 0.052333 1.213036
-0.157000 -0.157000 0.017444 1.216172
0.000000 -0.157000 0.052333 1.219534
0.104667 -0.157000 0.000000 1.223148
0.052333 -0.034889 0.017444 1.226349
-0.069778 -0.052333 0.000000 1.229532
-0.017444 -0.226778 0.052333 1.232648
-0.104667 -0.069778 0.017444 1.235820
0.000000 0.000000 0.052333 1.238949
0.139556 -0.139556 -0.034889 1.242312
0.017444 -0.104667 -0.034889 1.245468
0.069778 -0.052333 -0.069778 1.248796
-0.034889 -0.174444 0.017444 1.252617
0.034889 -0.069778 -0.052333 1.256207
0.139556 -0.034889 -0.087222 1.260706
-0.034889 -0.157000 0.087222 1.263935
0.244222 -0.209333 -0.069778 1.267390
-0.122111 0.000000 0.017444 1.270939
0.034889 -0.034889 -0.069778 1.274149
-0.017444 -0.209333 0.034889 1.277302
-0.139556 -0.157000 0.034889 1.280679
0.000000 -0.191889 -0.157000 1.284279
0.017444 -0.174444 0.017444 1.287761
0.104667 -0.052333 -0.069778 1.291023
-0.034889 -0.017444 0.157000 1.294186
-0.157000 -0.122111 0.087222 1.297248
0.000000 -0.034889 0.104667 1.300618
-0.174444 -0.209333 0.000000 1.304206
0.069778 -0.139556 0.034889 1.307404
0.157000 0.052333 0.017444 1.310658
0.087222 -0.191889 -0.034889 1.314531
-0.034889 -0.069778 0.000000 1.318421
-0.122111 -0.157000 -0.087222 1.321850
-0.122111 -0.209333 0.000000 1.325040
0.191889 -0.157000 0.000000 1.328094
0.017444 -0.104667 -0.034889 1.331239
0.000000 -0.069778 -0.069778 1.335039
-0.017444 -0.209333 0.104667 1.338499
-0.122111 -0.174444 0.034889 1.341880
-0.087222 -0.034889 -0.052333 1.345657
-0.017444 -0.052333 -0.052333 1.348910
-0.069778 -0.122111 0.069778 1.352789
-0.034889 -0.122111 -0.017444 1.356167
0.017444 -0.122111 0.104667 1.359288
0.034889 -0.139556 0.000000 1.362371
-0.174444 -0.174444 0.069778 1.365492
-0.069778 -0.069778 0.069778 1.369203
-0.017444 -0.017444 0.017444 1.372690
-0.069778 -0.139556 0.122111 1.376563
0.034889 0.000000 0.034889 1.379764
-0.191889 -0.087222 0.000000 1.382939
-0.157000 -0.122111 -0.017444 1.386701
-0.034889 -0.052333 -0.157000 1.389999
0.000000 -0.157000 -0.017444 1.393138
-0.017444 -0.122111 0.052333 1.396294
-0.104667 0.191889 -0.052333 1.399431
0.069778 -0.139556 -0.017444 1.403334
0.034889 -0.069778 -0.034889 1.406793
-0.052333 -0.034889 0.052333 1.410159
0.052333 -0.087222 -0.017444 1.413346
0.052333 -0.139556 0.069778 1.416484
-0.034889 -0.104667 0.069778 1.420243
0.087222 -0.157000 0.069778 1.423524
0.000000 -0.017444 -0.069778 1.426689
0.052333 -0.104667 -0.017444 1.429831
-0.139556 -0.122111 0.069778 1.432966
-0.034889 -0.191889 0.034889 1.436840
0.069778 -0.122111 -0.017444 1.441622
-0.034889 -0.139556 0.034889 1.444931
-0.174444 -0.209333 0.069778 1.448094
-0.052333 -0.087222 0.087222 1.451817
0.069778 -0.139556 0.052333 1.455258
