rads/s rads/s rads/s sec -0.087222 -0.139556 0.209333 0.005506
0.139556 -0.157000 0.226778 0.008980
-0.069778 0.087222 -0.348889 0.012516
0.000000 -0.174444 0.087222 0.016868
0.000000 -0.157000 0.122111 0.020439
0.139556 -0.191889 0.488444 0.023860
-0.087222 -0.348889 0.575667 0.029701
-0.017444 -0.087222 -0.575667 0.035055
-0.034889 -0.087222 -0.104667 0.038951
-0.226778 -0.104667 0.069778 0.042370
0.017444 -0.244222 0.418667 0.045668
-0.017444 -0.226778 0.104667 0.049775
0.000000 -0.052333 0.017444 0.053439
0.052333 -0.261667 0.523333 0.056932
-0.034889 -0.226778 0.436111 0.061435
0.034889 -0.052333 -0.261667 0.065283
-0.034889 -0.017444 0.087222 0.069396
-0.069778 0.069778 -0.366333 0.072700
0.017444 0.034889 -0.244222 0.075842
0.122111 -0.069778 -0.244222 0.078987
-0.034889 0.069778 -0.174444 0.082629
0.104667 -0.157000 -0.331444 0.086066
0.157000 -0.034889 -0.191889 0.089309
-0.069778 -0.139556 -0.034889 0.092758
0.087222 -0.209333 0.261667 0.096218
-0.034889 -0.209333 0.383778 0.100246
0.034889 -0.069778 0.157000 0.103667
0.017444 -0.157000 -0.296556 0.106844
-0.209333 -0.157000 -0.191889 0.110024
-0.034889 -0.034889 -0.226778 0.113190
-0.122111 -0.052333 -0.209333 0.118176
0.000000 -0.174444 0.296556 0.121491
0.052333 -0.174444 0.226778 0.124915
0.104667 -0.139556 0.191889 0.128489
-0.052333 -0.087222 -0.087222 0.132157
-0.052333 -0.087222 -0.174444 0.136065
0.087222 -0.052333 0.034889 0.139455
-0.069778 -0.069778 -0.157000 0.142763
-0.034889 -0.052333 -0.069778 0.146098
0.034889 0.052333 -0.209333 0.150240
0.052333 -0.226778 0.052333 0.153746
-0.104667 -0.244222 -0.087222 0.157350
-0.017444 -0.104667 -0.052333 0.160817
0.034889 -0.174444 0.087222 0.163982
0.052333 -0.052333 -0.087222 0.168277
0.087222 -0.087222 0.052333 0.171623
-0.052333 0.017444 -0.052333 0.174808
-0.157000 0.069778 -0.122111 0.177964
-0.104667 -0.104667 -0.104667 0.181128
0.174444 -0.139556 0.000000 0.185687
0.017444 -0.034889 -0.122111 0.189275
0.000000 0.000000 0.104667 0.192664
-0.087222 -0.034889 0.000000 0.195853
-0.052333 -0.087222 -0.052333 0.199702
0.052333 -0.069778 -0.034889 0.203088
0.017444 -0.174444 -0.052333 0.206268
-0.104667 -0.034889 0.157000 0.209601
-0.104667 -0.034889 0.104667 0.212896
0.000000 -0.157000 0.000000 0.217889
0.209333 -0.104667 0.104667 0.222168
-0.017444 -0.139556 0.034889 0.225746
-0.139556 -0.052333 0.174444 0.229325
-0.191889 -0.122111 0.052333 0.234115
0.052333 -0.087222 0.034889 0.237604
0.000000 -0.034889 0.139556 0.240939
-0.069778 -0.034889 0.191889 0.244232
0.087222 -0.139556 0.122111 0.248527
-0.191889 -0.157000 0.122111 0.252743
0.174444 -0.191889 0.052333 0.257871
0.052333 -0.034889 0.122111 0.261050
-0.052333 -0.139556 0.052333 0.264193
-0.069778 -0.034889 0.122111 0.267741
-0.017444 -0.157000 -0.069778 0.270992
-0.069778 -0.104667 0.139556 0.274114
0.017444 -0.052333 -0.052333 0.277269
-0.157000 -0.087222 0.122111 0.280547
0.034889 -0.139556 0.087222 0.284497
0.104667 0.000000 -0.017444 0.288608
0.000000 -0.244222 -0.069778 0.291917
0.034889 -0.157000 -0.052333 0.295156
-0.034889 -0.104667 0.052333 0.298515
0.104667 -0.174444 0.087222 0.301990
-0.314000 -0.034889 0.034889 0.305168
-0.017444 -0.069778 0.069778 0.308326
0.017444 -0.017444 0.244222 0.311578
0.052333 -0.069778 0.017444 0.315060
0.087222 -0.104667 -0.052333 0.318724
-0.017444 -0.122111 0.034889 0.322186
-0.017444 -0.174444 0.139556 0.325390
0.191889 -0.157000 -0.087222 0.328643
-0.034889 -0.191889 0.017444 0.332097
0.034889 -0.034889 -0.034889 0.335655
-0.017444 -0.087222 0.017444 0.338996
0.017444 -0.017444 0.122111 0.342255
-0.087222 -0.087222 -0.034889 0.348423
-0.017444 -0.104667 0.052333 0.352381
-0.087222 -0.104667 -0.052333 0.355786
-0.122111 0.017444 -0.052333 0.359376
0.122111 -0.034889 0.104667 0.362732
0.017444 -0.087222 -0.069778 0.366520
0.104667 0.017444 -0.034889 0.369866
0.139556 -0.174444 0.052333 0.373142
0.052333 -0.226778 -0.122111 0.377530
0.122111 -0.052333 -0.052333 0.381786
0.000000 -0.174444 0.069778 0.385356
0.139556 -0.139556 0.087222 0.388510
0.069778 -0.122111 0.052333 0.391756
-0.034889 0.017444 0.139556 0.394943
0.000000 -0.069778 0.034889 0.398098
-0.174444 -0.122111 -0.052333 0.401956
0.226778 -0.069778 -0.104667 0.405323
-0.104667 0.017444 0.034889 0.410465
0.017444 -0.261667 -0.034889 0.414028
0.034889 -0.174444 0.000000 0.417874
-0.034889 -0.122111 0.069778 0.421262
-0.069778 -0.069778 0.034889 0.424932
-0.174444 -0.174444 0.000000 0.428240
-0.314000 -0.104667 0.034889 0.431670
0.034889 -0.191889 0.052333 0.435334
-0.017444 -0.139556 0.052333 0.439325
0.191889 -0.087222 0.052333 0.442820
-0.069778 -0.069778 0.000000 0.446284
0.052333 -0.139556 0.087222 0.450114
-0.087222 -0.157000 -0.069778 0.453393
0.000000 -0.104667 0.034889 0.456677
0.000000 -0.052333 0.000000 0.459842
0.052333 -0.087222 -0.017444 0.462969
-0.104667 -0.069778 0.034889 0.466554
0.034889 -0.017444 0.017444 0.469807
-0.122111 -0.122111 0.052333 0.473287
0.000000 -0.139556 0.017444 0.476679
0.122111 -0.069778 0.139556 0.479862
0.000000 -0.139556 -0.017444 0.483438
0.034889 -0.069778 0.000000 0.486626
0.069778 -0.139556 0.000000 0.489848
0.000000 -0.261667 -0.034889 0.493002
0.104667 -0.087222 -0.017444 0.496129
0.069778 -0.157000 -0.104667 0.499711
0.034889 0.034889 0.000000 0.503090
-0.087222 0.034889 0.087222 0.506706
0.034889 0.000000 -0.017444 0.510092
0.122111 -0.052333 -0.052333 0.513258
-0.017444 -0.087222 -0.087222 0.517076
0.000000 -0.104667 -0.034889 0.520450
0.104667 -0.157000 -0.052333 0.523639
0.000000 -0.174444 0.017444 0.526753
0.052333 -0.244222 -0.017444 0.529877
0.017444 -0.191889 -0.034889 0.533480
0.052333 -0.104667 0.017444 0.536967
0.087222 -0.191889 0.017444 0.540463
0.000000 -0.122111 -0.017444 0.543661
0.017444 -0.087222 0.017444 0.546778
0.069778 -0.139556 0.104667 0.550344
0.017444 -0.191889 0.000000 0.553614
-0.069778 -0.139556 0.087222 0.556756
-0.052333 -0.226778 0.034889 0.559913
-0.069778 -0.122111 -0.034889 0.563069
-0.087222 -0.069778 -0.052333 0.566871
-0.034889 -0.104667 0.017444 0.570334
0.052333 -0.069778 -0.017444 0.573696
-0.069778 -0.191889 0.052333 0.576848
0.069778 -0.087222 -0.017444 0.580009
0.052333 0.087222 0.000000 0.583660
0.122111 -0.104667 -0.104667 0.586925
-0.017444 0.034889 0.034889 0.590032
-0.226778 -0.017444 0.104667 0.593162
0.034889 -0.069778 0.017444 0.596207
-0.139556 0.017444 0.069778 0.600029
0.017444 -0.174444 0.052333 0.603472
-0.017444 -0.069778 0.034889 0.606845
0.017444 -0.069778 0.087222 0.609975
0.017444 -0.087222 0.017444 0.613130
-0.174444 -0.087222 -0.052333 0.616935
-0.139556 -0.174444 0.104667 0.620328
0.069778 -0.104667 0.139556 0.623485
-0.017444 -0.139556 0.052333 0.626635
0.052333 -0.052333 0.017444 0.629858
-0.087222 -0.157000 -0.017444 0.633866
-0.017444 -0.104667 -0.209333 0.637456
0.000000 -0.052333 0.034889 0.640590
-0.017444 -0.104667 0.069778 0.643763
-0.017444 -0.052333 0.052333 0.646904
0.017444 -0.174444 0.157000 0.650505
0.226778 -0.087222 0.052333 0.653678
0.104667 -0.122111 0.017444 0.656741
0.139556 -0.122111 0.087222 0.659838
-0.052333 0.017444 -0.017444 0.663259
-0.174444 -0.087222 0.139556 0.666999
-0.069778 -0.244222 0.069778 0.670216
0.052333 -0.139556 -0.017444 0.673373
-0.087222 -0.191889 -0.034889 0.676541
0.017444 -0.087222 0.034889 0.679698
0.000000 -0.139556 0.017444 0.683286
0.157000 -0.139556 0.069778 0.686468
-0.104667 -0.122111 0.034889 0.689620
-0.052333 -0.052333 -0.017444 0.693002
-0.191889 -0.139556 0.087222 0.696472
-0.122111 -0.226778 0.122111 0.700001
-0.017444 -0.139556 -0.052333 0.703317
0.034889 0.017444 -0.034889 0.706466
-0.069778 -0.104667 -0.034889 0.709621
-0.087222 -0.104667 -0.139556 0.713017
0.000000 -0.226778 -0.069778 0.716658
-0.052333 -0.139556 0.052333 0.719864
0.017444 -0.087222 0.052333 0.723183
0.034889 -0.069778 -0.087222 0.726999
-0.052333 -0.122111 -0.122111 0.730275
0.017444 -0.122111 -0.052333 0.734040
0.034889 -0.052333 0.104667 0.737202
0.000000 -0.157000 -0.069778 0.740375
0.017444 -0.209333 -0.034889 0.743586
-0.034889 -0.122111 0.034889 0.746748
-0.017444 -0.209333 0.104667 0.750184
0.000000 -0.052333 0.000000 0.753390
-0.069778 -0.261667 0.087222 0.756826
0.034889 -0.174444 -0.052333 0.760246
