rads/s rads/s rads/s sec
-0.122111 -0.104667 -0.209333 0.005805
0.087222 0.052333 -0.628000 0.009035
-0.017444 -0.174444 -0.157000 0.012287
0.052333 0.034889 -0.575667 0.015459
0.104667 -0.157000 -0.209333 0.019238
0.052333 -0.104667 -0.104667 0.022659
0.034889 -0.279111 0.383778 0.025903
0.000000 -0.052333 -0.087222 0.029328
0.261667 -0.244222 0.471000 0.032818
-0.157000 -0.314000 0.488444 0.038380
-0.017444 -0.104667 0.226778 0.041747
-0.104667 0.034889 -0.244222 0.044924
-0.034889 -0.139556 0.348889 0.048230
-0.104667 -0.069778 0.471000 0.051919
-0.087222 0.017444 -0.418667 0.055448
-0.052333 0.139556 -0.314000 0.058630
-0.034889 -0.191889 0.000000 0.062054
0.226778 -0.279111 0.348889 0.066246
0.069778 -0.139556 -0.261667 0.069818
-0.069778 -0.052333 -0.069778 0.073054
0.087222 -0.244222 0.331444 0.076171
0.069778 -0.087222 -0.017444 0.079317
-0.034889 -0.017444 -0.296556 0.082730
-0.052333 -0.122111 -0.017444 0.086458
0.104667 -0.191889 0.157000 0.089686
-0.104667 -0.226778 0.366333 0.093094
-0.104667 -0.087222 0.209333 0.096563
-0.034889 -0.139556 0.017444 0.100260
0.174444 -0.157000 0.000000 0.103652
0.000000 -0.034889 -0.122111 0.106833
-0.069778 -0.017444 -0.191889 0.109986
-0.052333 -0.087222 -0.034889 0.113336
0.069778 -0.069778 -0.261667 0.117226
0.052333 -0.209333 0.296556 0.120731
-0.017444 -0.209333 0.000000 0.124172
-0.052333 -0.052333 -0.139556 0.127720
-0.034889 -0.069778 -0.069778 0.131071
0.122111 -0.104667 0.000000 0.134932
-0.034889 -0.157000 0.191889 0.138275
0.052333 -0.174444 -0.104667 0.141456
0.000000 -0.017444 0.087222 0.144718
0.017444 -0.191889 0.191889 0.147861
0.034889 -0.191889 0.157000 0.151677
-0.034889 -0.122111 -0.122111 0.155267
-0.034889 -0.157000 -0.017444 0.158988
-0.034889 -0.069778 0.104667 0.162284
0.087222 -0.122111 0.191889 0.165976
0.087222 0.069778 -0.052333 0.169914
0.122111 -0.104667 0.069778 0.173150
0.069778 -0.139556 0.279111 0.176244
0.087222 -0.052333 0.034889 0.179355
-0.104667 -0.052333 -0.034889 0.184165
-0.069778 -0.174444 0.139556 0.187741
-0.069778 -0.052333 -0.017444 0.191270
-0.052333 0.122111 -0.034889 0.194452
0.069778 -0.087222 -0.069778 0.197606
-0.034889 -0.104667 0.034889 0.201263
-0.052333 0.000000 0.017444 0.204588
0.000000 -0.052333 0.052333 0.207702
0.174444 -0.069778 -0.034889 0.210842
0.017444 -0.191889 -0.052333 0.213942
0.122111 -0.226778 0.209333 0.218099
-0.261667 -0.157000 0.087222 0.221758
-0.122111 -0.069778 0.052333 0.224929
-0.122111 -0.209333 0.069778 0.228091
0.122111 -0.157000 0.191889 0.231153
-0.034889 -0.052333 0.122111 0.234766
0.017444 -0.052333 0.087222 0.237963
-0.069778 -0.087222 0.226778 0.241311
-0.034889 -0.087222 0.017444 0.244513
0.087222 -0.174444 0.017444 0.247834
-0.087222 -0.052333 0.104667 0.251568
-0.052333 -0.174444 -0.034889 0.255109
-0.157000 -0.069778 -0.052333 0.258480
-0.087222 0.000000 0.000000 0.261630
0.017444 -0.104667 -0.052333 0.264729
0.122111 -0.104667 -0.052333 0.268351
0.034889 -0.122111 -0.052333 0.271606
0.017444 -0.261667 0.000000 0.274786
-0.069778 -0.104667 -0.052333 0.278106
-0.034889 -0.122111 -0.069778 0.282030
-0.034889 -0.209333 0.122111 0.285690
-0.017444 -0.069778 -0.017444 0.288925
0.122111 -0.017444 0.034889 0.292037
0.104667 -0.052333 0.017444 0.295148
0.122111 -0.087222 0.087222 0.298257
0.000000 -0.122111 0.017444 0.301385
0.069778 -0.069778 0.087222 0.305202
-0.087222 -0.087222 0.069778 0.308496
-0.104667 -0.104667 0.017444 0.311921
0.017444 -0.052333 -0.052333 0.315243
-0.069778 -0.104667 0.017444 0.318855
0.139556 -0.069778 0.052333 0.322052
0.052333 -0.174444 0.034889 0.325176
0.069778 -0.174444 0.087222 0.328252
-0.034889 -0.052333 0.017444 0.331351
0.000000 -0.017444 0.069778 0.334513
-0.052333 -0.034889 0.157000 0.338157
-0.017444 -0.122111 -0.104667 0.341628
-0.087222 -0.087222 -0.052333 0.345093
0.104667 -0.174444 0.000000 0.348288
0.139556 -0.209333 -0.087222 0.351807
0.122111 -0.069778 0.139556 0.354990
0.052333 -0.087222 0.017444 0.358115
-0.174444 -0.104667 -0.052333 0.361279
0.104667 -0.174444 -0.087222 0.364400
0.052333 -0.157000 0.017444 0.367568
0.191889 -0.104667 0.017444 0.371400
0.017444 0.034889 0.052333 0.374822
0.052333 -0.226778 0.139556 0.378181
0.122111 -0.104667 -0.069778 0.381384
0.087222 -0.069778 0.017444 0.384883
0.052333 -0.226778 0.069778 0.388179
-0.034889 -0.157000 0.034889 0.391318
-0.087222 -0.104667 0.087222 0.394435
0.052333 -0.157000 -0.052333 0.397576
0.017444 -0.174444 -0.017444 0.401317
-0.087222 -0.314000 0.052333 0.404801
-0.087222 -0.157000 0.069778 0.408216
0.000000 -0.069778 -0.069778 0.411407
-0.052333 -0.122111 0.000000 0.414549
-0.017444 -0.122111 0.034889 0.418064
-0.017444 -0.157000 0.017444 0.421310
0.034889 0.000000 -0.034889 0.424430
-0.069778 -0.122111 0.052333 0.427544
-0.034889 -0.139556 -0.034889 0.430707
-0.174444 -0.052333 0.000000 0.434370
-0.069778 -0.087222 -0.069778 0.437794
-0.052333 -0.122111 0.000000 0.441315
-0.069778 -0.104667 -0.017444 0.444514
-0.052333 -0.209333 0.017444 0.447742
-0.191889 -0.104667 0.087222 0.451363
0.069778 -0.191889 -0.052333 0.454563
0.034889 -0.139556 0.017444 0.457688
-0.034889 -0.139556 -0.052333 0.460851
-0.034889 -0.052333 -0.017444 0.464177
0.087222 -0.139556 0.000000 0.467911
-0.069778 -0.122111 0.000000 0.471434
0.069778 -0.139556 0.087222 0.474818
0.000000 -0.139556 -0.017444 0.477963
-0.174444 0.000000 0.087222 0.481087
-0.087222 -0.034889 -0.052333 0.484722
0.034889 -0.052333 -0.122111 0.487939
-0.087222 0.017444 0.034889 0.491072
-0.087222 -0.157000 0.104667 0.494144
-0.017444 -0.052333 0.052333 0.497431
-0.174444 -0.191889 0.017444 0.501392
-0.034889 -0.139556 -0.052333 0.505234
-0.104667 -0.034889 0.034889 0.508453
0.087222 -0.122111 0.034889 0.511579
0.069778 -0.104667 0.104667 0.514698
-0.069778 -0.209333 0.087222 0.517903
0.017444 -0.069778 0.017444 0.521026
-0.122111 -0.157000 0.139556 0.524163
-0.104667 -0.209333 0.017444 0.527241
0.139556 -0.104667 0.034889 0.530603
-0.052333 0.034889 0.069778 0.534282
0.017444 -0.139556 0.000000 0.537484
-0.139556 -0.069778 0.069778 0.540622
0.122111 -0.226778 0.122111 0.543742
-0.017444 -0.087222 0.000000 0.546856
-0.104667 -0.122111 0.000000 0.550033
0.069778 -0.087222 0.087222 0.553155
0.034889 -0.087222 -0.017444 0.556286
0.104667 -0.139556 -0.017444 0.559553
-0.017444 -0.087222 -0.069778 0.563497
-0.069778 -0.191889 0.052333 0.567115
-0.017444 0.034889 0.017444 0.570433
-0.069778 0.000000 -0.052333 0.573665
-0.174444 -0.139556 0.122111 0.576820
-0.139556 -0.174444 0.087222 0.579953
-0.087222 -0.104667 0.000000 0.583144
0.069778 -0.209333 0.069778 0.586301
0.104667 -0.017444 0.017444 0.589417
-0.087222 -0.104667 0.104667 0.592854
-0.209333 -0.209333 -0.017444 0.596552
0.087222 -0.157000 0.034889 0.599760
0.017444 -0.122111 0.034889 0.602863
-0.139556 -0.209333 0.122111 0.605975
-0.017444 -0.191889 -0.052333 0.609313
-0.034889 -0.087222 -0.087222 0.612494
-0.017444 -0.052333 0.087222 0.615742
0.000000 -0.122111 -0.017444 0.619207
0.000000 -0.087222 0.052333 0.622624
-0.069778 -0.122111 0.034889 0.626149
-0.157000 -0.174444 0.104667 0.629258
0.017444 -0.087222 0.069778 0.632617
0.139556 -0.191889 0.157000 0.636053
0.122111 -0.139556 0.000000 0.639204
0.017444 -0.261667 -0.017444 0.642530
0.157000 -0.226778 -0.087222 0.645615
0.000000 -0.314000 0.052333 0.648795
0.087222 -0.122111 -0.052333 0.652549
-0.122111 -0.052333 -0.052333 0.656468
-0.034889 -0.069778 0.000000 0.659954
-0.034889 -0.069778 0.017444 0.663274
0.087222 -0.122111 0.017444 0.667256
-0.034889 -0.174444 0.157000 0.670693
-0.017444 -0.122111 0.000000 0.674034
-0.104667 -0.279111 -0.034889 0.677369
-0.087222 -0.244222 0.157000 0.680602
0.000000 -0.139556 0.000000 0.684649
0.017444 -0.122111 0.017444 0.689178
-0.017444 -0.052333 -0.017444 0.692503
0.157000 -0.122111 -0.017444 0.695662
0.017444 -0.087222 -0.034889 0.698882
0.191889 -0.174444 -0.069778 0.702064
0.174444 -0.017444 -0.139556 0.705195
-0.017444 -0.157000 -0.034889 0.708351
-0.034889 -0.191889 0.000000 0.711488
0.000000 -0.191889 0.000000 0.714793
0.034889 -0.122111 -0.034889 0.718575
0.104667 -0.174444 0.087222 0.722179
0.069778 -0.122111 -0.052333 0.725410
0.017444 -0.034889 0.017444 0.728550
