rads/s rads/s rads/s sec
0.017444 0.069778 -0.785000 0.003885
0.017444 0.052333 -0.662889 0.007279
0.000000 -0.104667 -0.244222 0.011211
-0.139556 0.122111 -0.662889 0.014696
0.087222 0.104667 -0.628000 0.017908
0.157000 0.052333 -0.453556 0.021080
-0.087222 -0.034889 -0.052333 0.024500
-0.017444 0.122111 -0.575667 0.028510
0.069778 -0.279111 0.628000 0.032115
0.017444 -0.104667 -0.017444 0.035351
0.069778 -0.209333 0.401222 0.038483
-0.052333 -0.314000 0.610556 0.041633
-0.034889 -0.139556 0.331444 0.045513
0.087222 -0.017444 -0.383778 0.048944
-0.034889 -0.087222 -0.157000 0.052192
0.069778 0.069778 -0.453556 0.055357
0.139556 0.087222 -0.401222 0.058875
0.087222 -0.174444 0.209333 0.062612
0.122111 -0.087222 0.505889 0.066063
-0.017444 -0.226778 0.244222 0.069278
-0.034889 -0.069778 -0.069778 0.072463
0.000000 -0.226778 0.331444 0.075587
-0.069778 -0.244222 0.488444 0.079448
0.000000 0.069778 -0.331444 0.082734
0.157000 -0.052333 -0.348889 0.085906
-0.174444 -0.104667 -0.314000 0.089410
-0.087222 -0.052333 -0.191889 0.092887
-0.087222 -0.052333 -0.017444 0.096648
-0.069778 -0.209333 0.209333 0.099966
-0.034889 -0.104667 -0.087222 0.103167
0.087222 -0.069778 0.261667 0.106297
0.000000 -0.244222 0.157000 0.109427
-0.052333 -0.174444 0.191889 0.113490
-0.034889 -0.122111 -0.226778 0.116958
0.017444 -0.069778 -0.104667 0.123316
-0.122111 -0.052333 -0.139556 0.126789
0.122111 -0.052333 -0.104667 0.130717
0.052333 -0.104667 -0.069778 0.134075
-0.052333 -0.104667 0.209333 0.137391
-0.069778 -0.174444 0.017444 0.140711
0.000000 -0.017444 -0.104667 0.144694
-0.017444 -0.139556 0.104667 0.148301
-0.052333 -0.017444 -0.052333 0.153440
0.122111 -0.069778 -0.017444 0.157106
0.069778 -0.069778 0.069778 0.160691
0.034889 0.104667 -0.087222 0.164313
0.069778 -0.157000 -0.087222 0.167584
-0.034889 -0.052333 -0.052333 0.170875
-0.034889 -0.122111 0.087222 0.174162
0.034889 -0.157000 0.017444 0.178368
0.139556 -0.104667 -0.034889 0.182982
0.052333 -0.122111 0.000000 0.187052
-0.052333 -0.034889 -0.017444 0.190772
0.087222 -0.087222 0.157000 0.194616
0.017444 -0.104667 -0.139556 0.198077
0.017444 -0.122111 -0.069778 0.201187
0.034889 -0.069778 0.104667 0.204317
0.034889 -0.209333 0.157000 0.207439
0.034889 -0.157000 -0.034889 0.211219
-0.017444 -0.104667 -0.069778 0.214744
0.000000 -0.052333 0.069778 0.218219
0.087222 -0.157000 -0.052333 0.221699
0.000000 -0.104667 0.034889 0.224833
0.034889 -0.191889 0.069778 0.228654
0.069778 -0.069778 -0.034889 0.232094
-0.069778 -0.017444 0.209333 0.235278
0.087222 -0.034889 -0.122111 0.238429
-0.017444 0.052333 -0.139556 0.241593
0.017444 -0.139556 0.087222 0.245150
-0.034889 -0.069778 -0.104667 0.248680
-0.052333 -0.087222 -0.069778 0.252411
0.000000 -0.244222 0.052333 0.255734
0.017444 -0.279111 0.191889 0.259020
0.087222 -0.069778 0.052333 0.262537
-0.052333 -0.226778 -0.069778 0.265938
-0.052333 0.034889 -0.087222 0.269257
-0.017444 -0.209333 -0.226778 0.272553
0.157000 -0.157000 -0.017444 0.275843
0.052333 -0.017444 -0.052333 0.281501
-0.017444 -0.017444 0.000000 0.285659
0.017444 -0.279111 -0.087222 0.289056
0.017444 0.017444 0.000000 0.292309
-0.069778 -0.104667 -0.087222 0.295703
-0.052333 -0.069778 0.000000 0.299038
-0.157000 -0.087222 0.017444 0.302345
0.000000 -0.017444 0.157000 0.305607
-0.122111 -0.139556 0.034889 0.309490
-0.069778 -0.122111 0.034889 0.314977
0.052333 -0.191889 0.000000 0.318385
-0.034889 0.000000 -0.017444 0.321587
0.052333 -0.052333 -0.122111 0.324735
0.122111 -0.104667 0.122111 0.327918
-0.104667 -0.314000 0.052333 0.331094
-0.104667 -0.191889 -0.087222 0.334252
-0.017444 -0.174444 -0.017444 0.337440
-0.052333 0.000000 0.000000 0.340553
0.052333 -0.174444 -0.069778 0.343993
-0.104667 -0.157000 0.034889 0.348040
0.034889 -0.191889 -0.034889 0.351455
-0.017444 -0.104667 0.157000 0.354683
0.017444 -0.139556 0.174444 0.357976
-0.087222 0.000000 0.000000 0.361326
-0.087222 -0.069778 0.034889 0.364531
0.034889 -0.104667 -0.034889 0.367686
-0.139556 -0.157000 0.069778 0.370730
0.087222 -0.122111 0.000000 0.374137
-0.157000 -0.174444 0.017444 0.377844
0.244222 -0.139556 0.034889 0.381319
0.087222 -0.139556 0.017444 0.384474
-0.034889 -0.104667 0.000000 0.387598
-0.087222 -0.087222 0.052333 0.390669
0.017444 -0.174444 -0.069778 0.393874
-0.017444 -0.122111 0.000000 0.397032
-0.052333 -0.139556 0.000000 0.400146
-0.157000 -0.174444 0.017444 0.403273
0.087222 -0.139556 0.069778 0.406691
0.069778 -0.087222 0.000000 0.410354
0.087222 -0.052333 -0.104667 0.413589
-0.017444 -0.069778 -0.052333 0.416763
-0.017444 -0.122111 0.017444 0.419901
-0.226778 -0.279111 0.104667 0.422992
-0.157000 -0.191889 -0.034889 0.426175
0.000000 -0.104667 0.000000 0.429345
0.139556 -0.174444 0.069778 0.432367
0.069778 -0.122111 0.157000 0.435601
0.034889 -0.017444 0.000000 0.439092
0.069778 -0.226778 0.017444 0.442769
0.122111 -0.139556 0.052333 0.445933
0.034889 -0.139556 0.000000 0.449095
0.174444 -0.139556 -0.017444 0.452178
0.087222 -0.034889 0.157000 0.455265
0.000000 -0.034889 -0.017444 0.458403
0.000000 -0.069778 0.017444 0.461556
-0.087222 -0.122111 -0.034889 0.464728
0.017444 -0.157000 -0.069778 0.468091
0.000000 -0.174444 -0.034889 0.471666
0.122111 -0.052333 0.000000 0.475100
0.174444 -0.139556 0.104667 0.478269
0.069778 -0.087222 0.087222 0.481940
0.034889 -0.104667 0.000000 0.485113
0.069778 -0.087222 0.034889 0.488239
-0.069778 -0.017444 -0.017444 0.491334
-0.017444 -0.174444 0.104667 0.494537
-0.052333 -0.226778 -0.052333 0.498024
-0.139556 -0.104667 0.104667 0.501815
-0.017444 0.017444 0.069778 0.505280
0.017444 -0.174444 0.017444 0.508434
-0.069778 -0.087222 0.087222 0.512140
-0.034889 -0.122111 0.069778 0.515304
-0.017444 -0.017444 0.209333 0.518488
0.104667 -0.069778 0.174444 0.521611
-0.034889 -0.191889 -0.069778 0.524756
-0.052333 -0.087222 0.000000 0.528439
0.034889 -0.052333 0.000000 0.531927
0.034889 -0.052333 0.069778 0.535365
0.034889 -0.174444 -0.052333 0.538544
0.069778 -0.122111 0.087222 0.541668
0.052333 -0.174444 -0.052333 0.545370
0.052333 -0.122111 0.174444 0.548582
0.000000 -0.104667 0.087222 0.551704
0.000000 -0.157000 0.034889 0.554794
0.122111 -0.104667 -0.017444 0.557976
-0.052333 -0.122111 0.017444 0.561816
-0.104667 -0.122111 0.104667 0.565291
0.034889 -0.034889 0.017444 0.568659
0.034889 -0.244222 -0.104667 0.571819
0.034889 -0.104667 -0.034889 0.574874
-0.017444 -0.017444 0.052333 0.578573
0.052333 -0.104667 -0.017444 0.581804
-0.017444 -0.017444 0.087222 0.584950
0.000000 -0.157000 0.069778 0.588065
-0.034889 -0.087222 -0.052333 0.591289
0.017444 -0.104667 0.034889 0.595111
-0.052333 -0.139556 -0.087222 0.598612
-0.052333 -0.122111 0.000000 0.602519
0.000000 -0.191889 0.087222 0.605689
-0.139556 -0.087222 -0.069778 0.608943
-0.052333 -0.122111 0.017444 0.612507
0.017444 -0.034889 -0.087222 0.615741
-0.052333 -0.087222 -0.087222 0.618891
0.034889 0.191889 0.139556 0.621976
0.087222 -0.139556 -0.017444 0.625335
-0.052333 -0.174444 0.104667 0.629309
-0.087222 -0.139556 0.069778 0.632825
-0.104667 -0.104667 0.000000 0.635984
0.000000 -0.174444 0.017444 0.639106
-0.017444 0.000000 0.069778 0.642284
-0.017444 -0.104667 0.000000 0.645988
0.087222 -0.017444 0.069778 0.649186
-0.034889 0.052333 -0.034889 0.652333
-0.087222 -0.279111 0.104667 0.655556
0.104667 -0.034889 0.000000 0.658959
0.052333 -0.226778 0.069778 0.662549
-0.052333 -0.017444 0.069778 0.666003
-0.034889 -0.087222 -0.017444 0.669193
0.087222 -0.139556 0.122111 0.672426
-0.226778 -0.087222 -0.034889 0.675612
0.104667 -0.087222 0.034889 0.679104
0.034889 -0.261667 0.000000 0.682282
0.034889 -0.122111 0.069778 0.685400
0.017444 -0.122111 -0.017444 0.688880
-0.069778 -0.122111 -0.034889 0.692386
-0.104667 -0.069778 -0.104667 0.696063
0.052333 -0.122111 -0.069778 0.699273
0.069778 -0.069778 0.069778 0.702403
-0.069778 -0.139556 -0.017444 0.705719
-0.017444 -0.087222 0.052333 0.708785
0.000000 -0.122111 -0.087222 0.712419
0.087222 -0.104667 -0.017444 0.715651
0.000000 -0.069778 0.034889 0.718782
0.069778 -0.034889 0.017444 0.722119
-0.034889 -0.157000 0.000000 0.725637
0.052333 -0.104667 0.087222 0.729298
-0.087222 -0.034889 0.069778 0.732516
-0.034889 -0.209333 0.104667 0.735767
0.174444 0.017444 0.000000 0.738824
-0.122111 -0.226778 0.034889 0.741984
0.000000 -0.087222 0.069778 0.745936
-0.052333 -0.052333 0.052333 0.749127
-0.104667 -0.157000 0.000000 0.752538
-0.052333 -0.034889 0.069778 0.755918
0.017444 -0.226778 0.209333 0.759078
0.000000 -0.157000 -0.017444 0.762591
-0.191889 -0.122111 -0.017444 0.765834
0.000000 0.034889 -0.017444 0.769039
-0.034889 -0.034889 0.157000 0.772199
-0.069778 0.034889 -0.087222 0.775346
0.000000 -0.087222 0.017444 0.778982
-0.034889 -0.087222 -0.017444 0.782408
0.000000 -0.122111 -0.017444 0.786355
0.052333 -0.139556 0.000000 0.789593
0.087222 -0.139556 0.000000 0.792712
-0.017444 -0.226778 -0.052333 0.796343
0.087222 -0.069778 -0.052333 0.799713
0.017444 -0.104667 0.017444 0.803048
0.279111 -0.104667 -0.069778 0.806237
0.052333 -0.209333 -0.069778 0.809370
-0.104667 0.069778 -0.017444 0.813013
0.191889 0.069778 -0.104667 0.816537
-0.017444 -0.226778 -0.034889 0.819979
0.034889 -0.122111 0.034889 0.823143
0.052333 -0.209333 -0.017444 0.826293
0.069778 -0.052333 0.000000 0.829920
-0.034889 -0.087222 -0.034889 0.833365
-0.069778 -0.157000 0.052333 0.836555
0.052333 -0.209333 -0.017444 0.839705
-0.157000 -0.087222 0.034889 0.842868
-0.034889 -0.034889 -0.052333 0.847150
-0.087222 -0.087222 0.017444 0.850672
-0.157000 -0.122111 0.209333 0.853847
-0.052333 -0.209333 0.000000 0.856998
0.122111 -0.104667 0.017444 0.860647
0.000000 -0.157000 0.017444 0.864461
-0.052333 -0.122111 -0.104667 0.867608
0.122111 -0.052333 0.000000 0.870744
-0.052333 -0.087222 0.052333 0.873886
-0.017444 -0.261667 0.034889 0.877891
-0.087222 -0.139556 0.052333 0.882180
-0.034889 -0.052333 0.069778 0.885362
-0.017444 -0.069778 0.052333 0.888515
-0.157000 -0.017444 0.000000 0.891671
0.017444 -0.052333 0.000000 0.895333
-0.017444 -0.087222 -0.017444 0.898678
0.157000 -0.017444 -0.034889 0.901867
0.087222 -0.139556 0.087222 0.904987
0.191889 -0.157000 0.069778 0.908322
0.017444 -0.191889 0.087222 0.911966
0.017444 -0.174444 0.052333 0.915493
-0.034889 -0.226778 0.017444 0.918730
-0.034889 -0.139556 -0.017444 0.921915
0.052333 -0.226778 0.052333 0.925094
0.069778 -0.279111 0.017444 0.928717
-0.104667 -0.191889 0.052333 0.931981
0.174444 -0.104667 0.052333 0.935114
0.017444 -0.052333 0.034889 0.938433
0.000000 -0.104667 -0.034889 0.942270
0.000000 -0.157000 0.017444 0.945814
0.104667 -0.104667 -0.052333 0.949031
-0.034889 -0.261667 0.017444 0.952188
-0.052333 -0.069778 0.017444 0.955324
0.122111 -0.209333 0.000000 0.958440
0.017444 -0.122111 -0.069778 0.962039
-0.034889 -0.104667 0.034889 0.965298
-0.034889 -0.122111 -0.052333 0.968473
-0.087222 -0.174444 0.017444 0.971898
-0.122111 -0.069778 0.000000 0.975407
-0.087222 -0.157000 0.017444 0.978925
0.034889 -0.122111 0.069778 0.982122
-0.157000 -0.174444 0.034889 0.985295
0.069778 -0.174444 0.034889 0.988418
0.017444 -0.157000 0.034889 0.991670
-0.069778 -0.191889 0.157000 0.995237
0.034889 -0.122111 0.087222 0.998604
0.139556 -0.157000 0.034889 1.004542
0.017444 -0.174444 -0.139556 1.008229
-0.052333 -0.139556 0.069778 1.011785
0.034889 -0.122111 0.034889 1.015152
-0.052333 -0.087222 0.157000 1.018458
0.087222 -0.069778 0.000000 1.021742
-0.017444 -0.157000 0.017444 1.025277
0.052333 -0.191889 0.000000 1.028755
0.034889 -0.226778 0.052333 1.033586
-0.034889 -0.017444 -0.052333 1.037138
0.052333 -0.104667 -0.034889 1.040537
-0.157000 -0.139556 -0.052333 1.044225
-0.087222 0.017444 0.157000 1.047462
0.087222 -0.069778 0.017444 1.050604
-0.034889 -0.052333 -0.069778 1.053677
-0.034889 0.017444 0.034889 1.057408
-0.034889 -0.209333 -0.069778 1.061113
0.000000 -0.157000 0.017444 1.064526
0.034889 -0.209333 0.017444 1.067980
0.034889 -0.157000 0.104667 1.071177
-0.017444 0.104667 -0.069778 1.074502
0.122111 -0.191889 0.000000 1.078028
-0.191889 -0.069778 -0.191889 1.081190
-0.034889 -0.034889 -0.034889 1.084393
-0.052333 -0.087222 0.087222 1.087678
0.139556 -0.087222 -0.034889 1.090933
0.174444 -0.157000 -0.017444 1.094625
0.122111 -0.069778 0.017444 1.098055
0.034889 -0.174444 0.017444 1.101862
0.052333 -0.087222 0.034889 1.105254
-0.104667 -0.139556 -0.087222 1.108458
0.034889 -0.104667 -0.087222 1.112066
0.052333 -0.279111 0.000000 1.115280
-0.052333 -0.174444 0.087222 1.118442
-0.104667 -0.104667 0.034889 1.121802
0.104667 -0.139556 -0.034889 1.124969
0.087222 -0.174444 0.017444 1.129122
0.139556 -0.157000 0.034889 1.133447
0.017444 -0.122111 0.069778 1.136845
0.017444 -0.157000 -0.034889 1.140013
0.017444 -0.052333 -0.052333 1.143700
-0.052333 -0.191889 0.069778 1.147310
0.104667 -0.157000 0.017444 1.150478
-0.069778 -0.034889 -0.017444 1.153823
-0.052333 -0.087222 0.017444 1.157158
-0.087222 -0.157000 -0.052333 1.161793
-0.034889 -0.104667 -0.052333 1.165450
0.052333 -0.157000 0.017444 1.168917
-0.052333 -0.122111 0.069778 1.172079
0.034889 -0.017444 -0.017444 1.175234
-0.069778 -0.052333 0.052333 1.178948
-0.034889 -0.087222 0.069778 1.182109
-0.017444 -0.017444 0.000000 1.185476
-0.017444 -0.069778 0.034889 1.188624
0.087222 -0.122111 -0.139556 1.192055
-0.191889 -0.139556 0.034889 1.195694
-0.104667 -0.174444 -0.017444 1.198935
0.069778 -0.157000 -0.069778 1.202306
0.000000 -0.087222 -0.122111 1.205522
0.122111 -0.157000 0.122111 1.208611
-0.069778 -0.122111 -0.034889 1.212436
-0.034889 0.052333 -0.017444 1.216521
0.000000 -0.139556 -0.052333 1.219929
-0.104667 -0.139556 0.034889 1.223416
0.017444 0.000000 -0.017444 1.227149
-0.087222 -0.139556 -0.034889 1.230467
-0.104667 -0.139556 0.069778 1.233686
0.017444 -0.017444 0.052333 1.236783
0.017444 -0.139556 0.069778 1.239900
-0.034889 -0.157000 0.000000 1.243144
0.087222 -0.069778 -0.174444 1.246833
-0.017444 -0.226778 0.017444 1.250115
-0.209333 -0.087222 0.087222 1.253558
0.052333 -0.104667 0.052333 1.257009
0.017444 -0.052333 0.087222 1.260301
-0.034889 -0.087222 -0.087222 1.264249
0.174444 -0.087222 0.017444 1.267775
-0.034889 -0.034889 0.087222 1.270968
-0.034889 -0.139556 0.104667 1.274253
0.017444 -0.104667 0.087222 1.278377
0.000000 -0.122111 0.000000 1.281717
-0.279111 -0.017444 -0.017444 1.287162
0.017444 -0.034889 0.017444 1.290366
0.122111 -0.034889 -0.017444 1.293967
-0.017444 -0.104667 -0.017444 1.297539
-0.052333 -0.226778 0.104667 1.300811
-0.104667 0.017444 0.017444 1.303925
0.122111 0.000000 0.157000 1.307020
-0.052333 -0.174444 -0.017444 1.310677
0.052333 -0.122111 -0.069778 1.314208
0.000000 -0.087222 0.087222 1.318104
0.226778 0.017444 -0.087222 1.321330
0.104667 -0.087222 -0.052333 1.324491
-0.174444 -0.191889 0.052333 1.328311
-0.104667 -0.034889 0.139556 1.331719
-0.087222 -0.069778 0.122111 1.334908
-0.104667 -0.034889 0.000000 1.338081
-0.052333 -0.017444 -0.034889 1.341193
0.122111 -0.087222 0.139556 1.345156
0.017444 -0.052333 0.139556 1.348708
0.017444 -0.157000 -0.069778 1.352169
-0.139556 -0.226778 -0.139556 1.355378
0.069778 -0.034889 0.000000 1.358445
-0.052333 -0.069778 -0.034889 1.362389
0.034889 0.034889 -0.052333 1.365740
-0.034889 -0.052333 0.017444 1.368878
0.069778 -0.191889 -0.104667 1.372022
-0.157000 -0.087222 -0.087222 1.375090
-0.052333 -0.052333 0.000000 1.379282
0.034889 -0.191889 0.052333 1.382892
0.000000 -0.069778 -0.017444 1.386318
0.052333 -0.104667 -0.017444 1.389521
0.157000 -0.069778 0.052333 1.392714
-0.034889 -0.069778 -0.034889 1.396494
-0.017444 -0.052333 -0.104667 1.399820
0.087222 -0.157000 0.017444 1.402970
0.000000 -0.104667 0.087222 1.406083
-0.052333 -0.226778 0.034889 1.409535
-0.122111 -0.104667 0.157000 1.413378
0.174444 -0.174444 0.174444 1.416775
0.122111 -0.104667 -0.017444 1.419970
-0.069778 -0.034889 0.034889 1.423112
0.017444 -0.069778 -0.052333 1.426927
0.104667 0.034889 0.000000 1.430846
-0.104667 -0.122111 -0.017444 1.434023
-0.017444 -0.104667 0.069778 1.437166
0.000000 -0.052333 0.034889 1.440525
-0.034889 -0.017444 0.000000 1.444765
0.052333 -0.139556 0.052333 1.448218
-0.069778 -0.139556 -0.017444 1.451440
0.017444 -0.087222 0.052333 1.454574
0.209333 -0.139556 -0.104667 1.457697
0.104667 -0.017444 0.034889 1.461398
0.087222 -0.261667 0.052333 1.464872
0.000000 -0.087222 0.034889 1.468038
-0.017444 -0.139556 0.069778 1.471395
-0.069778 -0.157000 0.034889 1.474993
-0.069778 -0.139556 0.052333 1.478956
0.104667 -0.087222 -0.139556 1.482336
-0.104667 -0.087222 0.104667 1.485522
0.069778 -0.157000 -0.034889 1.488937
-0.174444 -0.122111 0.069778 1.492073
-0.104667 -0.157000 0.139556 1.495902
0.017444 -0.087222 -0.052333 1.499243
0.157000 -0.069778 -0.034889 1.502646
-0.052333 -0.122111 -0.034889 1.506143
-0.034889 -0.034889 -0.034889 1.509356
-0.052333 -0.069778 -0.157000 1.513113
-0.034889 -0.191889 0.052333 1.516454
-0.034889 -0.104667 0.052333 1.519625
0.052333 0.000000 0.139556 1.522691
-0.034889 -0.052333 0.087222 1.525764
-0.157000 -0.052333 0.104667 1.529629
-0.122111 -0.069778 -0.017444 1.533140
-0.017444 -0.157000 0.017444 1.536866
0.104667 -0.052333 0.157000 1.540038
-0.174444 -0.191889 -0.052333 1.543243
0.017444 -0.034889 0.052333 1.546968
-0.087222 0.017444 0.034889 1.550189
-0.052333 -0.017444 0.034889 1.553333
-0.261667 -0.139556 -0.017444 1.556491
0.052333 -0.226778 0.017444 1.559736
-0.104667 -0.157000 0.034889 1.563413
0.104667 -0.017444 0.017444 1.566936
0.209333 -0.122111 -0.069778 1.570376
0.000000 -0.069778 0.157000 1.573572
0.034889 0.034889 0.157000 1.577003
0.052333 -0.157000 0.017444 1.580487
0.052333 -0.191889 0.000000 1.583667
0.017444 -0.087222 -0.104667 1.586829
0.069778 -0.279111 0.104667 1.589954
-0.069778 -0.122111 0.034889 1.593194
0.191889 -0.087222 -0.034889 1.597126
0.069778 -0.139556 -0.104667 1.600751
-0.052333 -0.209333 -0.017444 1.603974
0.052333 -0.017444 0.017444 1.607105
0.017444 -0.209333 0.034889 1.610506
0.052333 -0.087222 0.000000 1.614005
0.174444 -0.087222 0.017444 1.617161
-0.069778 -0.139556 0.052333 1.620312
-0.191889 -0.174444 0.000000 1.623456
-0.122111 0.034889 0.017444 1.626898
-0.069778 -0.017444 -0.052333 1.630778
-0.052333 -0.069778 0.034889 1.634195
0.122111 0.174444 0.017444 1.637325
-0.122111 -0.261667 0.104667 1.640475
-0.069778 -0.139556 -0.069778 1.644220
-0.034889 -0.052333 0.122111 1.647665
-0.069778 -0.087222 -0.069778 1.650860
0.034889 -0.209333 -0.017444 1.654005
0.034889 -0.174444 -0.122111 1.657139
0.000000 -0.174444 0.069778 1.661072
0.087222 -0.017444 0.017444 1.664861
0.052333 0.000000 0.052333 1.668044
-0.191889 -0.087222 0.017444 1.671197
-0.122111 -0.122111 0.069778 1.674340
0.157000 -0.139556 0.000000 1.678021
0.087222 -0.139556 0.034889 1.681458
-0.122111 -0.104667 0.017444 1.684632
0.104667 -0.157000 0.017444 1.687755
0.069778 -0.104667 0.034889 1.691160
-0.034889 -0.017444 -0.034889 1.695017
0.000000 -0.104667 -0.209333 1.698386
-0.017444 -0.122111 0.052333 1.701603
0.034889 -0.017444 0.122111 1.704702
0.069778 -0.296556 -0.052333 1.707808
0.017444 -0.296556 -0.017444 1.711614
0.034889 0.017444 0.000000 1.714932
0.034889 0.069778 0.034889 1.718055
0.052333 -0.157000 -0.122111 1.721523
0.034889 -0.087222 0.017444 1.725000
0.017444 -0.052333 -0.069778 1.728954
-0.052333 -0.191889 -0.034889 1.732340
0.104667 -0.226778 0.069778 1.735415
-0.017444 -0.087222 0.017444 1.738566
-0.314000 -0.191889 0.069778 1.741717
0.122111 -0.157000 -0.122111 1.745664
-0.017444 -0.139556 -0.017444 1.749009
0.000000 -0.191889 0.122111 1.752156
-0.052333 -0.244222 0.104667 1.755604
-0.017444 -0.104667 -0.034889 1.759049
0.034889 -0.122111 0.000000 1.762799
0.122111 -0.157000 -0.122111 1.766086
-0.017444 -0.157000 -0.052333 1.769276
0.069778 -0.139556 0.052333 1.772401
0.017444 -0.087222 0.017444 1.775516
-0.052333 -0.017444 -0.122111 1.779366
0.017444 -0.122111 0.104667 1.783478
-0.087222 -0.052333 0.034889 1.787584
0.034889 -0.034889 -0.017444 1.791212
-0.017444 -0.017444 0.104667 1.795296
0.104667 -0.017444 -0.104667 1.798886
-0.017444 -0.052333 0.034889 1.802132
0.017444 -0.052333 0.104667 1.805433
-0.017444 -0.157000 0.069778 1.808733
-0.034889 -0.104667 0.000000 1.812640
0.000000 -0.191889 0.069778 1.817562
0.087222 -0.104667 0.052333 1.820998
0.087222 -0.087222 0.069778 1.824130
0.052333 -0.122111 -0.087222 1.827848
0.034889 -0.052333 -0.034889 1.831227
0.017444 -0.017444 -0.017444 1.834399
0.034889 -0.087222 0.069778 1.837543
0.017444 -0.157000 0.000000 1.840640
0.000000 -0.017444 0.034889 1.844802
-0.122111 -0.191889 0.157000 1.848390
0.104667 -0.209333 -0.052333 1.852407
-0.017444 -0.191889 0.052333 1.855569
-0.069778 -0.104667 0.034889 1.858708
-0.174444 -0.157000 0.017444 1.862739
-0.122111 -0.157000 0.000000 1.866093
-0.052333 -0.104667 -0.017444 1.869308
0.017444 0.000000 -0.034889 1.872429
0.087222 -0.226778 0.034889 1.875535
0.052333 -0.122111 0.017444 1.879519
-0.052333 0.000000 0.017444 1.883400
-0.017444 -0.139556 0.087222 1.886596
0.122111 -0.209333 -0.017444 1.889828
0.104667 -0.052333 -0.069778 1.893019
-0.069778 -0.226778 0.034889 1.896810
-0.157000 -0.191889 0.034889 1.900071
0.069778 -0.174444 0.017444 1.903206
0.017444 -0.069778 0.139556 1.906324
0.052333 -0.139556 0.087222 1.910007
0.052333 -0.174444 0.087222 1.914035
0.000000 -0.174444 -0.017444 1.917537
-0.017444 0.000000 0.052333 1.920702
0.087222 -0.157000 0.017444 1.923832
0.034889 -0.017444 -0.034889 1.927504
0.052333 -0.139556 0.052333 1.930962
-0.087222 -0.104667 0.000000 1.934139
-0.052333 -0.052333 0.087222 1.937301
-0.034889 -0.174444 0.104667 1.940723
-0.034889 -0.087222 0.087222 1.944491
0.296556 -0.034889 0.017444 1.947902
0.000000 -0.122111 0.052333 1.951056
-0.017444 -0.226778 0.087222 1.954196
0.139556 -0.296556 0.017444 1.957288
-0.122111 -0.191889 -0.052333 1.960947
0.034889 -0.104667 0.034889 1.964372
0.069778 -0.069778 0.052333 1.967495
0.000000 -0.122111 0.052333 1.970845
0.017444 -0.069778 -0.191889 1.974299
0.034889 -0.034889 0.017444 1.978145
0.000000 -0.087222 -0.034889 1.981594
0.017444 -0.139556 -0.052333 1.984740
-0.087222 -0.017444 0.069778 1.987857
0.034889 -0.191889 0.191889 1.990944
-0.034889 -0.069778 0.069778 1.994608
-0.017444 -0.157000 0.017444 1.998036
0.000000 -0.087222 -0.017444 2.001431
0.034889 -0.122111 -0.017444 2.005197
0.000000 -0.034889 -0.017444 2.008437
0.017444 -0.087222 -0.034889 2.012102
-0.104667 -0.157000 0.017444 2.015473
-0.034889 -0.157000 -0.052333 2.018670
0.000000 -0.087222 0.069778 2.021792
0.052333 -0.122111 0.069778 2.024874
0.000000 -0.104667 0.104667 2.028514
0.017444 -0.052333 0.122111 2.031981
0.069778 -0.244222 0.017444 2.035886
-0.017444 -0.052333 0.000000 2.039143
0.139556 -0.104667 -0.069778 2.042295
0.052333 -0.139556 -0.087222 2.046078
-0.087222 -0.104667 0.000000 2.049389
0.191889 -0.157000 -0.052333 2.052550
-0.087222 -0.139556 -0.069778 2.055683
0.087222 -0.174444 0.052333 2.058797
0.034889 0.000000 0.052333 2.062707
0.087222 -0.191889 0.052333 2.066208
0.122111 -0.122111 -0.052333 2.069657
-0.087222 -0.069778 -0.017444 2.072862
0.104667 -0.157000 -0.017444 2.076080
-0.052333 -0.139556 0.000000 2.079748
-0.069778 -0.052333 0.052333 2.083003
-0.069778 0.000000 0.087222 2.086134
0.000000 -0.104667 0.052333 2.089255
-0.069778 -0.122111 0.052333 2.092366
-0.139556 -0.052333 0.000000 2.096452
-0.122111 -0.104667 0.017444 2.100412
-0.122111 -0.069778 0.000000 2.103638
0.052333 -0.104667 0.052333 2.106771
0.139556 -0.157000 0.034889 2.109923
-0.069778 -0.122111 0.104667 2.113743
0.122111 -0.104667 0.017444 2.116951
0.052333 -0.209333 0.104667 2.120101
-0.104667 -0.017444 0.000000 2.123257
-0.104667 -0.244222 0.000000 2.126640
-0.017444 -0.104667 0.034889 2.130657
0.087222 -0.139556 -0.069778 2.134091
-0.069778 -0.174444 -0.017444 2.137301
0.034889 -0.069778 0.052333 2.140422
-0.069778 -0.122111 -0.034889 2.143905
0.052333 -0.069778 0.122111 2.147455
0.104667 -0.174444 0.000000 2.150638
-0.052333 -0.157000 -0.017444 2.153785
0.069778 -0.209333 -0.017444 2.156893
0.017444 -0.069778 0.104667 2.160291
0.034889 -0.104667 0.069778 2.164021
0.017444 -0.034889 -0.034889 2.167488
0.017444 -0.034889 -0.034889 2.170663
-0.052333 -0.122111 0.122111 2.173786
-0.034889 -0.069778 0.017444 2.177468
0.087222 -0.104667 0.017444 2.180913
0.157000 -0.122111 -0.017444 2.184111
-0.017444 -0.104667 0.052333 2.187236
0.052333 -0.069778 -0.052333 2.190616
-0.017444 -0.122111 0.157000 2.194162
-0.069778 -0.034889 0.191889 2.197793
0.069778 -0.139556 -0.017444 2.200975
0.034889 -0.104667 0.087222 2.204080
-0.052333 -0.069778 -0.017444 2.207170
0.069778 0.017444 -0.052333 2.210687
-0.052333 -0.052333 -0.017444 2.214218
-0.191889 -0.069778 0.017444 2.217417
-0.087222 -0.174444 -0.069778 2.220785
-0.017444 -0.087222 -0.034889 2.224653
-0.017444 0.104667 0.104667 2.228553
-0.069778 -0.034889 0.017444 2.231950
-0.087222 -0.122111 0.069778 2.235108
-0.087222 -0.104667 0.000000 2.238266
0.139556 -0.157000 0.139556 2.241399
0.034889 -0.209333 0.104667 2.244863
-0.034889 -0.087222 0.122111 2.248172
0.104667 -0.104667 0.052333 2.251504
0.000000 -0.122111 0.017444 2.254818
0.104667 -0.191889 -0.052333 2.258455
0.017444 -0.174444 0.000000 2.262013
0.000000 -0.174444 0.052333 2.265361
0.069778 -0.069778 0.069778 2.268619
-0.104667 0.017444 0.052333 2.271893
0.157000 -0.209333 0.034889 2.275156
0.000000 -0.174444 0.122111 2.278412
0.052333 -0.034889 -0.017444 2.283841
-0.069778 -0.104667 0.052333 2.287297
-0.139556 -0.261667 0.034889 2.291194
0.000000 -0.122111 0.087222 2.294324
-0.139556 -0.087222 0.034889 2.297613
0.017444 -0.052333 0.034889 2.300954
-0.122111 -0.104667 -0.034889 2.304291
-0.104667 -0.139556 0.052333 2.307526
0.034889 -0.087222 0.069778 2.310686
-0.052333 -0.191889 0.069778 2.314703
-0.017444 -0.087222 -0.069778 2.318840
0.000000 0.017444 0.034889 2.322728
0.087222 -0.104667 0.069778 2.325965
-0.017444 -0.122111 0.244222 2.329372
0.052333 -0.139556 0.052333 2.332657
-0.017444 -0.139556 0.034889 2.335948
0.052333 -0.226778 -0.017444 2.339201
-0.052333 -0.174444 -0.034889 2.342566
0.104667 -0.139556 0.069778 2.349338
0.000000 -0.122111 -0.017444 2.353009
-0.017444 -0.209333 -0.069778 2.358726
-0.017444 -0.069778 0.034889 2.361855
-0.104667 0.034889 0.122111 2.364993
-0.069778 -0.174444 -0.052333 2.369378
-0.052333 -0.034889 0.000000 2.372534
-0.017444 -0.174444 -0.034889 2.375668
-0.034889 -0.157000 0.122111 2.379691
0.052333 -0.069778 0.174444 2.383411
-0.069778 -0.122111 0.069778 2.386883
-0.244222 -0.174444 0.052333 2.390230
0.000000 0.017444 0.052333 2.393429
-0.052333 -0.104667 0.034889 2.396612
-0.087222 -0.034889 0.069778 2.399752
0.017444 -0.122111 -0.017444 2.402899
-0.034889 -0.034889 0.069778 2.406008
-0.034889 -0.104667 0.104667 2.409377
-0.034889 -0.104667 0.017444 2.413270
-0.034889 -0.104667 0.052333 2.416523
0.052333 -0.157000 -0.087222 2.419667
0.017444 -0.191889 -0.017444 2.422763
-0.017444 -0.244222 0.104667 2.425882
0.087222 -0.069778 0.087222 2.429053
-0.017444 -0.174444 0.000000 2.432207
0.069778 -0.034889 -0.104667 2.435318
-0.052333 -0.296556 0.052333 2.438436
0.069778 -0.104667 0.017444 2.441840
0.000000 -0.104667 0.139556 2.445554
0.139556 -0.069778 0.104667 2.448724
-0.034889 -0.069778 -0.017444 2.451846
-0.139556 -0.069778 -0.017444 2.454993
0.000000 -0.174444 -0.052333 2.458143
-0.034889 -0.174444 0.017444 2.461320
-0.017444 -0.157000 -0.052333 2.464503
-0.139556 -0.157000 0.069778 2.467642
0.069778 -0.157000 0.034889 2.470903
0.000000 -0.069778 0.069778 2.474758
0.087222 -0.069778 0.017444 2.478321
0.069778 -0.104667 -0.052333 2.481526
-0.069778 -0.122111 0.000000 2.484606
0.139556 -0.261667 0.000000 2.487698
-0.122111 -0.139556 0.069778 2.490846
0.000000 -0.104667 -0.034889 2.494038
0.052333 -0.157000 0.017444 2.497139
0.157000 -0.104667 0.034889 2.500252
0.069778 -0.139556 0.017444 2.503522
0.000000 -0.104667 0.000000 2.507261
0.069778 -0.226778 -0.052333 2.510569
0.017444 -0.139556 0.087222 2.513695
0.087222 -0.139556 -0.052333 2.516827
-0.122111 -0.034889 -0.122111 2.519976
0.034889 -0.122111 0.122111 2.523064
0.104667 -0.122111 -0.017444 2.526223
0.034889 -0.314000 -0.034889 2.529420
-0.034889 -0.157000 0.052333 2.532501
0.000000 -0.069778 -0.069778 2.535846
-0.052333 -0.279111 0.087222 2.539494
0.000000 -0.087222 -0.034889 2.542768
-0.034889 -0.069778 0.000000 2.545941
0.069778 -0.069778 0.034889 2.549029
0.069778 -0.139556 0.017444 2.552118
0.034889 -0.174444 0.139556 2.555225
0.069778 -0.191889 0.087222 2.558283
-0.174444 -0.226778 0.034889 2.561500
-0.087222 -0.139556 0.052333 2.564845
0.034889 -0.191889 -0.122111 2.568700
0.000000 -0.139556 0.052333 2.572223
0.104667 -0.104667 0.104667 2.575394
0.034889 -0.174444 -0.157000 2.578605
0.087222 -0.069778 0.034889 2.581703
0.034889 -0.087222 0.017444 2.584809
0.000000 -0.087222 0.017444 2.587890
0.017444 -0.139556 0.017444 2.591007
0.069778 -0.157000 0.087222 2.594135
-0.122111 -0.069778 0.104667 2.597497
0.069778 -0.034889 -0.034889 2.601470
0.087222 -0.052333 -0.069778 2.604757
-0.087222 -0.052333 -0.034889 2.607918
-0.104667 0.000000 0.034889 2.611091
0.000000 -0.174444 0.000000 2.614227
0.104667 -0.069778 0.174444 2.617297
0.104667 -0.122111 -0.069778 2.620417
0.069778 -0.191889 -0.017444 2.623557
-0.034889 -0.139556 -0.017444 2.626716
-0.139556 -0.139556 0.017444 2.630129
0.000000 -0.122111 0.000000 2.633687
0.069778 -0.122111 0.034889 2.636866
-0.104667 -0.069778 0.034889 2.640018
-0.034889 -0.069778 0.017444 2.643208
0.017444 -0.087222 0.069778 2.646343
0.034889 -0.122111 0.034889 2.649485
0.157000 -0.052333 0.034889 2.652593
-0.087222 0.017444 0.122111 2.655693
-0.174444 -0.226778 -0.087222 2.659050
0.087222 -0.191889 0.052333 2.662886
0.069778 -0.087222 -0.104667 2.666442
0.087222 0.017444 0.087222 2.669514
0.069778 -0.104667 0.017444 2.672633
0.087222 -0.122111 -0.017444 2.675768
0.069778 -0.122111 -0.139556 2.678971
-0.017444 0.034889 0.017444 2.682095
0.052333 -0.244222 0.052333 2.685232
-0.017444 -0.139556 -0.052333 2.688393
-0.034889 -0.104667 0.122111 2.691818
0.000000 -0.122111 -0.017444 2.695457
0.052333 -0.174444 -0.069778 2.698615
0.052333 -0.279111 0.052333 2.701741
-0.069778 -0.087222 0.087222 2.704866
0.052333 -0.226778 -0.069778 2.707999
-0.052333 -0.157000 -0.017444 2.711182
0.034889 -0.226778 0.069778 2.714305
-0.174444 -0.122111 0.104667 2.717403
0.052333 -0.017444 0.052333 2.720663
-0.174444 -0.104667 -0.034889 2.724552
-0.104667 -0.087222 -0.034889 2.728121
-0.052333 0.034889 0.000000 2.731254
0.087222 -0.244222 -0.052333 2.734405
-0.261667 -0.087222 0.104667 2.737586
-0.104667 -0.087222 -0.034889 2.740689
-0.157000 -0.174444 0.017444 2.743867
-0.069778 0.000000 0.209333 2.746989
0.261667 -0.139556 0.034889 2.750101
0.087222 -0.104667 0.104667 2.753483
0.069778 -0.034889 -0.017444 2.757200
-0.034889 -0.017444 0.052333 2.760478
-0.052333 -0.174444 0.000000 2.763651
0.104667 0.000000 0.069778 2.766718
-0.052333 -0.139556 0.087222 2.769853
-0.034889 -0.122111 -0.017444 2.773005
-0.087222 -0.226778 0.052333 2.776139
0.017444 -0.069778 0.139556 2.779182
-0.052333 -0.104667 0.017444 2.782471
0.104667 -0.069778 0.087222 2.786352
0.000000 -0.052333 0.087222 2.789848
-0.052333 -0.157000 -0.017444 2.793025
0.174444 -0.104667 0.034889 2.796178
-0.104667 -0.087222 0.017444 2.799340
0.139556 -0.191889 0.000000 2.802464
0.000000 -0.104667 0.087222 2.805491
0.017444 -0.157000 -0.017444 2.808599
-0.104667 -0.122111 0.000000 2.811736
0.017444 -0.139556 0.122111 2.815094
0.052333 -0.034889 -0.087222 2.818942
-0.017444 -0.157000 0.017444 2.822234
0.000000 -0.122111 -0.017444 2.825377
0.279111 -0.122111 -0.034889 2.828519
-0.069778 -0.174444 -0.104667 2.831675
-0.052333 -0.069778 -0.017444 2.834813
0.069778 -0.052333 0.034889 2.837940
-0.174444 -0.017444 -0.139556 2.841086
0.000000 0.122111 -0.069778 2.844207
0.034889 -0.122111 0.017444 2.847567
0.104667 0.069778 -0.069778 2.851219
-0.174444 -0.296556 -0.069778 2.854468
-0.104667 -0.174444 -0.087222 2.857838
0.017444 -0.087222 0.017444 2.861167
0.034889 -0.122111 0.000000 2.864424
0.157000 -0.122111 0.000000 2.867697
0.122111 -0.034889 -0.034889 2.870943
0.017444 0.000000 -0.017444 2.874203
0.069778 -0.069778 -0.017444 2.879963
-0.104667 -0.087222 0.069778 2.883915
0.000000 -0.069778 -0.017444 2.887302
-0.034889 -0.174444 0.087222 2.890615
0.017444 -0.087222 0.052333 2.893943
0.069778 0.000000 0.052333 2.897129
-0.017444 -0.174444 0.087222 2.900388
-0.017444 -0.244222 0.034889 2.903677
0.104667 0.000000 -0.087222 2.907487
-0.087222 -0.174444 0.017444 2.911697
-0.122111 -0.017444 0.034889 2.915648
-0.052333 -0.052333 0.034889 2.918995
0.087222 -0.034889 0.034889 2.922278
-0.034889 -0.139556 0.017444 2.925606
0.034889 -0.174444 0.087222 2.928914
-0.087222 -0.087222 0.069778 2.932171
0.052333 -0.087222 0.052333 2.935422
-0.069778 0.017444 0.034889 2.941629
-0.034889 -0.226778 0.034889 2.945442
0.017444 -0.122111 -0.034889 2.948809
0.139556 -0.087222 0.034889 2.952076
0.034889 -0.157000 0.052333 2.955338
0.087222 -0.157000 0.052333 2.958957
0.017444 -0.069778 0.069778 2.962312
-0.017444 -0.122111 0.017444 2.965613
0.087222 -0.244222 -0.104667 2.969458
-0.069778 -0.122111 0.069778 2.973739
0.052333 -0.104667 0.052333 2.977529
0.000000 -0.122111 0.069778 2.980737
0.122111 -0.052333 0.052333 2.983872
-0.069778 -0.104667 0.034889 2.987019
0.139556 -0.104667 -0.052333 2.990099
-0.052333 -0.157000 -0.017444 2.993302
0.087222 -0.157000 0.069778 2.996445
0.034889 -0.087222 -0.104667 2.999595
0.052333 -0.069778 0.069778 3.002967
0.209333 -0.139556 -0.104667 3.006554
0.069778 0.034889 -0.034889 3.009749
-0.087222 -0.052333 0.087222 3.012885
0.104667 -0.087222 0.017444 3.015978
0.052333 -0.191889 -0.017444 3.019121
-0.017444 -0.157000 -0.069778 3.022283
-0.017444 -0.209333 -0.017444 3.025450
-0.052333 -0.052333 0.122111 3.028594
-0.174444 -0.017444 -0.017444 3.031941
-0.104667 -0.174444 0.122111 3.035699
0.104667 -0.104667 0.069778 3.039273
0.034889 -0.191889 0.104667 3.042440
-0.052333 -0.191889 0.034889 3.045659
0.017444 -0.209333 -0.034889 3.048805
0.139556 -0.069778 0.000000 3.051914
-0.139556 0.000000 0.017444 3.055026
0.069778 -0.191889 -0.034889 3.058216
0.000000 -0.157000 0.104667 3.061317
0.034889 -0.122111 0.034889 3.064735
0.069778 -0.209333 0.139556 3.068414
-0.034889 -0.174444 0.017444 3.071645
-0.087222 -0.191889 0.034889 3.074808
-0.034889 -0.122111 -0.087222 3.078043
-0.017444 0.000000 -0.017444 3.081203
-0.087222 -0.104667 0.034889 3.084303
0.052333 -0.052333 0.000000 3.087432
0.087222 -0.157000 0.069778 3.090524
0.017444 -0.209333 0.157000 3.093809
-0.052333 -0.139556 0.034889 3.097671
0.017444 -0.104667 0.069778 3.101151
0.000000 -0.174444 0.122111 3.104255
-0.052333 0.034889 0.034889 3.107392
0.000000 0.017444 -0.052333 3.110530
-0.034889 -0.087222 -0.017444 3.113697
-0.139556 -0.209333 0.087222 3.116835
0.069778 -0.174444 0.000000 3.119955
0.139556 -0.104667 0.139556 3.122970
0.191889 -0.122111 -0.017444 3.126293
0.034889 -0.139556 -0.052333 3.130105
0.069778 -0.122111 -0.052333 3.133428
-0.087222 -0.069778 0.034889 3.136586
-0.069778 -0.191889 0.017444 3.139734
0.069778 -0.226778 -0.017444 3.142842
0.034889 -0.139556 0.069778 3.145978
-0.104667 -0.174444 -0.017444 3.149071
-0.017444 -0.069778 -0.017444 3.152208
0.017444 -0.052333 0.052333 3.155310
-0.104667 -0.087222 -0.139556 3.158819
0.000000 -0.087222 0.052333 3.162473
0.157000 -0.139556 -0.017444 3.165685
-0.104667 -0.122111 0.034889 3.168770
0.104667 -0.139556 0.017444 3.171890
-0.034889 -0.139556 0.034889 3.175011
0.017444 0.052333 -0.052333 3.178200
-0.122111 -0.226778 0.034889 3.181397
0.000000 -0.052333 0.034889 3.184525
0.104667 -0.017444 -0.122111 3.187785
0.139556 -0.139556 0.034889 3.191671
-0.017444 -0.191889 0.034889 3.195250
0.052333 -0.139556 0.139556 3.198414
-0.104667 -0.191889 0.017444 3.201581
-0.052333 -0.191889 -0.087222 3.204745
-0.034889 -0.087222 0.122111 3.207821
-0.034889 -0.052333 0.104667 3.211027
-0.104667 -0.104667 0.087222 3.214188
0.174444 -0.017444 -0.034889 3.217341
0.034889 -0.052333 0.069778 3.220754
0.052333 -0.069778 0.104667 3.224335
0.104667 -0.034889 0.034889 3.227582
0.034889 0.034889 0.122111 3.230700
-0.122111 -0.069778 0.034889 3.233842
-0.052333 -0.122111 0.000000 3.236975
0.017444 0.034889 -0.017444 3.240100
0.122111 -0.104667 0.034889 3.243184
0.209333 -0.122111 -0.034889 3.246320
0.157000 -0.052333 0.000000 3.249609
-0.034889 -0.139556 -0.052333 3.253463
-0.069778 -0.191889 -0.087222 3.257074
-0.017444 -0.139556 -0.052333 3.260336
-0.052333 -0.191889 0.017444 3.263489
-0.191889 -0.122111 0.000000 3.266610
0.122111 -0.087222 -0.069778 3.269758
-0.157000 -0.139556 -0.069778 3.272912
0.034889 -0.139556 0.069778 3.276011
-0.087222 0.000000 0.157000 3.279089
0.052333 -0.157000 0.122111 3.282481
0.017444 -0.087222 -0.034889 3.286177
0.157000 -0.122111 0.017444 3.289392
0.017444 -0.069778 -0.122111 3.292461
-0.226778 -0.157000 0.034889 3.295662
-0.052333 -0.122111 0.069778 3.298860
0.034889 -0.139556 -0.104667 3.302078
0.104667 -0.069778 0.069778 3.305239
0.017444 -0.069778 -0.017444 3.308285
-0.104667 -0.104667 0.069778 3.311598
-0.052333 -0.087222 -0.017444 3.315508
-0.157000 -0.087222 0.104667 3.319148
-0.052333 -0.139556 0.139556 3.322265
-0.052333 -0.157000 0.017444 3.325434
-0.052333 -0.017444 0.122111 3.328607
-0.104667 -0.122111 -0.104667 3.331782
0.087222 -0.157000 0.052333 3.334903
-0.034889 -0.157000 0.034889 3.338072
0.052333 -0.087222 0.087222 3.341185
-0.069778 -0.034889 -0.017444 3.344667
-0.052333 -0.122111 0.017444 3.348417
-0.017444 -0.139556 0.017444 3.351737
0.139556 -0.157000 -0.052333 3.354903
0.087222 -0.017444 -0.017444 3.358053
-0.052333 -0.122111 -0.069778 3.361222
0.052333 -0.157000 0.017444 3.364463
-0.034889 -0.191889 0.104667 3.367903
0.000000 -0.069778 -0.122111 3.371171
0.244222 0.000000 0.017444 3.374435
-0.139556 -0.052333 0.034889 3.378373
-0.069778 -0.087222 0.000000 3.382033
-0.034889 -0.174444 0.069778 3.385198
0.087222 -0.139556 0.000000 3.388336
0.000000 -0.104667 0.087222 3.391432
-0.017444 -0.017444 -0.087222 3.394579
-0.017444 -0.034889 0.052333 3.397752
0.157000 -0.052333 0.000000 3.400870
-0.191889 -0.104667 -0.034889 3.404036
0.087222 -0.157000 -0.104667 3.407531
0.087222 -0.017444 -0.017444 3.411115
-0.052333 0.000000 0.034889 3.414518
0.087222 -0.174444 0.052333 3.417676
-0.069778 -0.052333 0.052333 3.420804
0.104667 0.034889 0.052333 3.423872
0.034889 -0.139556 0.052333 3.427037
-0.017444 -0.139556 0.052333 3.430157
0.069778 -0.226778 0.000000 3.433279
-0.017444 -0.087222 0.052333 3.436390
0.017444 -0.174444 0.069778 3.439781
0.157000 -0.087222 0.087222 3.443367
0.017444 -0.087222 0.069778 3.446463
-0.069778 -0.052333 0.052333 3.449613
0.157000 -0.122111 0.017444 3.452693
-0.052333 -0.017444 0.087222 3.455808
-0.069778 -0.087222 0.000000 3.458949
0.087222 -0.139556 0.017444 3.462119
-0.052333 -0.174444 -0.069778 3.465245
0.017444 -0.104667 -0.017444 3.468514
0.087222 -0.104667 0.087222 3.472389
0.087222 -0.157000 -0.017444 3.475975
0.017444 -0.104667 -0.052333 3.479224
-0.034889 -0.174444 -0.069778 3.482308
-0.017444 -0.104667 0.069778 3.485392
0.034889 -0.052333 0.122111 3.488502
0.052333 0.017444 0.017444 3.491583
-0.069778 -0.087222 0.000000 3.494720
-0.104667 -0.122111 -0.034889 3.497901
0.017444 -0.191889 0.087222 3.501275
0.104667 -0.087222 -0.017444 3.505137
0.017444 -0.191889 0.034889 3.508330
0.000000 -0.226778 -0.034889 3.511532
-0.104667 -0.087222 0.000000 3.514713
0.069778 -0.174444 0.034889 3.517836
0.087222 -0.034889 0.069778 3.520917
0.034889 0.000000 0.069778 3.524004
0.034889 -0.087222 0.052333 3.527063
0.174444 -0.017444 0.017444 3.530174
-0.017444 -0.087222 0.104667 3.533616
0.000000 -0.017444 0.017444 3.537319
-0.104667 -0.139556 0.069778 3.540545
0.069778 -0.069778 0.122111 3.543721
-0.034889 -0.174444 0.000000 3.546840
-0.087222 -0.069778 -0.034889 3.550016
-0.017444 -0.174444 0.017444 3.553152
0.174444 -0.017444 0.069778 3.556259
-0.034889 -0.052333 -0.069778 3.559412
-0.087222 -0.191889 0.000000 3.562740
0.069778 -0.069778 -0.034889 3.566666
0.191889 -0.034889 0.069778 3.570200
-0.052333 -0.104667 0.104667 3.573356
-0.017444 -0.191889 -0.017444 3.576560
-0.087222 -0.122111 0.122111 3.579697
0.034889 -0.122111 0.034889 3.582818
-0.034889 -0.261667 -0.034889 3.585927
0.034889 -0.139556 0.000000 3.589035
0.052333 -0.157000 0.104667 3.592138
0.087222 -0.087222 -0.104667 3.595511
-0.139556 -0.052333 -0.034889 3.599210
0.139556 -0.069778 -0.087222 3.602445
0.174444 -0.104667 0.052333 3.605583
0.052333 -0.034889 0.000000 3.608692
-0.122111 0.000000 0.034889 3.611878
0.000000 -0.157000 0.122111 3.615009
0.069778 -0.104667 -0.052333 3.618062
-0.052333 -0.069778 -0.034889 3.621244
-0.087222 -0.191889 0.052333 3.624576
-0.034889 -0.034889 -0.034889 3.628431
0.017444 -0.104667 0.052333 3.631941
0.034889 -0.139556 0.000000 3.635107
-0.034889 -0.052333 -0.069778 3.638278
0.017444 -0.191889 0.052333 3.641412
-0.034889 -0.069778 -0.034889 3.644572
-0.122111 -0.087222 0.122111 3.647728
-0.069778 -0.052333 0.000000 3.650866
0.139556 -0.191889 0.017444 3.653921
0.000000 -0.209333 0.034889 3.657314
-0.052333 -0.087222 0.000000 3.660975
