rads/s rads/s rads/s sec
-0.191889 -0.034889 -0.244222 0.003807
0.052333 0.052333 -0.471000 0.007016
-0.069778 0.139556 -0.453556 0.010345
-0.017444 -0.017444 -0.540778 0.013775
-0.034889 -0.104667 -0.523333 0.017217
0.052333 -0.052333 -0.191889 0.020427
-0.087222 -0.104667 -0.348889 0.023849
0.104667 -0.069778 -0.052333 0.027413
-0.034889 -0.122111 0.209333 0.030900
0.139556 -0.069778 -0.017444 0.034279
0.034889 0.000000 -0.331444 0.037436
-0.139556 0.017444 -0.052333 0.040660
-0.034889 -0.209333 0.331444 0.044365
-0.017444 -0.034889 -0.471000 0.047601
0.069778 -0.034889 -0.366333 0.050919
0.069778 -0.052333 -0.453556 0.054057
-0.069778 0.000000 -0.331444 0.057594
0.122111 -0.069778 -0.244222 0.061350
0.052333 -0.261667 0.401222 0.064765
-0.069778 -0.139556 0.296556 0.068134
0.000000 -0.017444 -0.034889 0.071309
-0.052333 -0.139556 0.122111 0.075167
0.052333 -0.139556 -0.191889 0.078562
-0.087222 -0.034889 0.034889 0.081666
0.122111 -0.104667 -0.139556 0.085001
0.087222 -0.052333 -0.209333 0.088480
0.069778 -0.052333 0.261667 0.092255
-0.034889 0.017444 -0.104667 0.095735
0.052333 -0.139556 -0.244222 0.098944
0.122111 -0.069778 -0.069778 0.102127
0.017444 -0.139556 0.139556 0.105248
-0.017444 -0.209333 0.191889 0.108934
-0.104667 -0.052333 -0.157000 0.112283
-0.017444 -0.139556 -0.034889 0.115469
-0.017444 0.000000 -0.157000 0.118776
-0.087222 -0.087222 -0.087222 0.122811
-0.122111 -0.191889 0.209333 0.126427
-0.087222 -0.017444 -0.069778 0.129651
0.034889 -0.209333 -0.034889 0.132812
0.034889 -0.087222 0.244222 0.135934
0.000000 -0.104667 0.139556 0.139152
-0.087222 -0.087222 0.122111 0.142739
0.104667 -0.226778 0.000000 0.145983
-0.087222 -0.069778 0.104667 0.149125
0.174444 -0.104667 0.157000 0.152562
0.034889 -0.261667 0.069778 0.156009
0.034889 -0.122111 -0.052333 0.159692
0.034889 -0.052333 -0.052333 0.162939
-0.069778 0.034889 -0.314000 0.166123
-0.034889 -0.069778 -0.052333 0.169292
0.139556 -0.104667 -0.069778 0.172533
-0.157000 -0.087222 0.017444 0.176304
0.017444 -0.174444 0.087222 0.179575
0.052333 -0.226778 -0.104667 0.182946
0.069778 -0.034889 0.104667 0.186445
0.000000 -0.104667 0.157000 0.189659
-0.034889 -0.157000 -0.017444 0.193300
0.000000 -0.069778 0.017444 0.196494
0.209333 -0.157000 0.174444 0.199614
0.017444 -0.191889 0.139556 0.202802
0.052333 -0.069778 0.069778 0.206010
-0.122111 -0.087222 -0.069778 0.209541
0.069778 -0.104667 0.104667 0.212746
-0.034889 -0.191889 0.209333 0.216206
-0.052333 -0.069778 0.157000 0.219637
-0.052333 -0.069778 0.052333 0.222818
-0.034889 -0.052333 0.017444 0.226507
0.052333 -0.174444 0.069778 0.229701
-0.017444 -0.139556 -0.052333 0.232880
0.000000 -0.191889 -0.017444 0.236179
-0.139556 -0.209333 -0.034889 0.239309
-0.122111 -0.017444 0.069778 0.242875
-0.087222 -0.069778 -0.069778 0.246372
-0.052333 -0.017444 -0.017444 0.249912
0.000000 -0.069778 0.069778 0.253266
-0.017444 -0.052333 0.052333 0.256393
0.139556 -0.226778 0.017444 0.260012
-0.017444 0.017444 0.052333 0.263211
-0.017444 -0.087222 0.052333 0.266438
0.017444 0.000000 0.069778 0.269533
0.069778 -0.069778 -0.139556 0.272655
0.052333 -0.069778 0.034889 0.275775
0.087222 -0.052333 -0.226778 0.279231
0.000000 -0.034889 -0.017444 0.282972
-0.157000 0.034889 0.000000 0.286203
0.017444 -0.122111 0.017444 0.289363
0.034889 -0.069778 0.017444 0.292555
0.000000 -0.139556 0.052333 0.295712
0.034889 -0.139556 0.000000 0.298989
0.000000 -0.017444 -0.017444 0.302181
0.052333 -0.139556 0.000000 0.305299
0.017444 -0.069778 0.034889 0.308573
0.000000 -0.104667 -0.034889 0.312381
-0.034889 -0.052333 0.034889 0.316080
-0.174444 -0.139556 0.139556 0.319286
-0.104667 -0.034889 0.157000 0.322438
-0.139556 -0.087222 0.087222 0.325619
-0.052333 0.034889 0.017444 0.328741
-0.191889 -0.052333 0.104667 0.331863
-0.052333 -0.087222 -0.069778 0.335025
-0.017444 -0.069778 0.000000 0.338178
0.017444 -0.122111 0.087222 0.341546
0.104667 -0.069778 0.017444 0.345093
-0.017444 -0.157000 0.104667 0.348643
0.034889 0.000000 -0.017444 0.351776
0.017444 -0.261667 0.000000 0.354874
-0.034889 -0.139556 0.052333 0.358100
0.000000 -0.157000 0.000000 0.361246
0.000000 -0.052333 0.034889 0.364378
0.034889 -0.052333 0.017444 0.367501
-0.087222 -0.034889 -0.017444 0.370665
0.122111 -0.104667 0.052333 0.374067
0.052333 -0.087222 0.087222 0.377715
0.139556 -0.034889 0.034889 0.380936
0.104667 -0.069778 0.000000 0.384070
-0.052333 -0.122111 -0.052333 0.387241
-0.139556 -0.052333 0.087222 0.390391
0.104667 -0.087222 0.017444 0.393536
-0.034889 -0.209333 -0.017444 0.396708
-0.209333 -0.087222 0.052333 0.399848
0.157000 -0.069778 0.034889 0.403122
0.157000 -0.069778 -0.017444 0.406587
0.000000 -0.017444 0.017444 0.410218
-0.034889 -0.157000 0.052333 0.413392
-0.017444 -0.034889 0.034889 0.416560
-0.122111 -0.104667 -0.069778 0.419747
0.069778 -0.139556 -0.034889 0.422908
-0.034889 -0.191889 0.052333 0.426151
-0.034889 -0.157000 -0.034889 0.429340
0.104667 -0.174444 0.069778 0.432398
0.226778 -0.261667 -0.034889 0.435801
0.034889 -0.034889 0.000000 0.439384
0.034889 -0.122111 0.034889 0.442836
0.139556 -0.069778 0.000000 0.445942
-0.052333 -0.104667 0.069778 0.449090
0.157000 0.017444 -0.052333 0.452203
0.226778 -0.069778 0.000000 0.455295
0.052333 -0.296556 0.034889 0.458474
-0.209333 -0.052333 0.000000 0.461565
-0.139556 0.104667 0.157000 0.465114
-0.034889 -0.122111 0.017444 0.468496
-0.261667 -0.087222 0.104667 0.471982
0.052333 -0.069778 -0.052333 0.475728
0.314000 -0.087222 0.000000 0.479223
0.139556 -0.226778 0.052333 0.482364
0.226778 -0.348889 -0.017444 0.485500
0.034889 -0.034889 -0.017444 0.488548
-0.069778 -0.034889 -0.139556 0.491766
-0.436111 -0.139556 -0.017444 0.494965
0.034889 0.017444 0.034889 0.498177
-0.052333 -0.122111 0.000000 0.501322
-0.017444 -0.157000 0.034889 0.504762
0.174444 -0.209333 0.000000 0.508382
0.069778 -0.174444 -0.017444 0.511627
0.087222 -0.017444 0.017444 0.514734
-0.104667 0.000000 0.034889 0.517889
-0.104667 -0.069778 0.139556 0.521058
-0.087222 -0.052333 0.174444 0.524616
-0.017444 -0.226778 0.052333 0.527881
-0.052333 -0.191889 -0.139556 0.531074
0.052333 -0.174444 0.087222 0.534348
0.017444 -0.122111 -0.017444 0.538203
0.000000 -0.069778 0.122111 0.541984
-0.157000 -0.069778 0.104667 0.545223
-0.069778 -0.034889 0.034889 0.548391
-0.122111 -0.122111 0.087222 0.551537
-0.209333 -0.157000 0.000000 0.554613
-0.034889 -0.139556 -0.087222 0.557833
-0.017444 -0.122111 0.034889 0.560983
0.209333 -0.122111 -0.052333 0.564124
-0.017444 -0.104667 0.034889 0.567630
-0.122111 -0.104667 0.052333 0.571162
0.017444 -0.139556 -0.104667 0.574618
-0.069778 -0.139556 0.087222 0.577808
-0.174444 -0.139556 0.139556 0.580935
-0.069778 -0.174444 -0.034889 0.584075
0.139556 -0.122111 -0.017444 0.587213
0.034889 -0.017444 0.052333 0.590328
0.000000 -0.122111 0.069778 0.593458
0.122111 -0.052333 -0.069778 0.596611
0.191889 -0.139556 0.104667 0.600028
0.034889 -0.157000 0.069778 0.603711
-0.087222 -0.052333 0.017444 0.606900
0.069778 0.069778 0.087222 0.610079
0.000000 -0.034889 0.000000 0.613171
0.069778 -0.052333 0.000000 0.616288
-0.034889 -0.174444 0.087222 0.619433
0.052333 -0.139556 0.000000 0.622549
0.000000 -0.104667 0.052333 0.625664
0.034889 -0.174444 -0.104667 0.628878
0.034889 0.034889 0.000000 0.632806
0.000000 0.000000 0.000000 0.636348
0.279111 -0.279111 0.034889 0.639540
0.191889 -0.139556 -0.052333 0.643104
0.191889 -0.034889 0.139556 0.646299
0.000000 -0.157000 -0.069778 0.649446
-0.122111 0.000000 0.069778 0.652714
-0.139556 -0.052333 0.087222 0.655885
-0.139556 -0.069778 -0.104667 0.659150
-0.052333 -0.261667 -0.052333 0.662630
0.017444 -0.139556 -0.017444 0.666081
0.069778 -0.104667 0.104667 0.669231
0.174444 -0.174444 0.087222 0.672411
0.139556 -0.104667 -0.017444 0.676006
0.139556 -0.191889 -0.122111 0.679198
-0.157000 0.069778 0.000000 0.682296
-0.104667 0.000000 -0.122111 0.685428
-0.296556 -0.069778 0.034889 0.688570
-0.157000 -0.122111 0.139556 0.691920
0.209333 -0.157000 0.087222 0.695748
0.157000 -0.209333 -0.052333 0.699353
-0.017444 -0.104667 0.000000 0.702553
-0.157000 -0.087222 0.069778 0.705690
-0.209333 -0.069778 0.000000 0.708885
-0.191889 -0.104667 0.000000 0.711989
-0.226778 -0.139556 0.052333 0.715531
-0.087222 -0.069778 -0.034889 0.718942
0.052333 -0.191889 0.069778 0.722455
0.157000 -0.191889 0.052333 0.725890
0.104667 -0.122111 0.087222 0.729541
0.226778 -0.087222 0.087222 0.732763
0.017444 -0.034889 0.087222 0.735877
0.052333 0.000000 0.000000 0.738945
-0.017444 0.034889 0.052333 0.742141
-0.157000 -0.069778 0.052333 0.745270
0.122111 -0.069778 0.052333 0.748366
0.000000 -0.087222 0.139556 0.751473
0.191889 -0.017444 0.052333 0.754737
0.017444 -0.209333 0.000000 0.758646
0.069778 -0.139556 0.000000 0.762473
-0.017444 0.052333 0.139556 0.765662
-0.087222 -0.157000 0.069778 0.768787
-0.104667 0.000000 -0.069778 0.771905
0.000000 0.087222 -0.017444 0.775059
0.034889 -0.017444 0.052333 0.778321
0.034889 -0.157000 0.052333 0.781969
0.087222 -0.017444 -0.034889 0.785178
0.139556 -0.209333 -0.104667 0.788517
-0.087222 0.000000 -0.122111 0.792210
-0.348889 -0.017444 0.104667 0.795450
-0.052333 -0.069778 0.052333 0.798616
0.069778 0.017444 -0.034889 0.801737
0.052333 -0.226778 0.000000 0.804854
0.209333 -0.244222 0.087222 0.808015
0.314000 -0.226778 -0.017444 0.811176
-0.017444 -0.104667 -0.052333 0.814245
-0.139556 0.000000 0.017444 0.817447
-0.279111 -0.104667 0.052333 0.821393
-0.069778 -0.122111 0.069778 0.824911
-0.034889 -0.157000 -0.104667 0.828144
0.139556 -0.296556 0.122111 0.831273
0.191889 -0.104667 -0.034889 0.834420
0.191889 -0.174444 0.052333 0.837506
0.139556 0.017444 0.226778 0.840609
-0.052333 -0.279111 -0.017444 0.843803
-0.104667 -0.052333 0.017444 0.846942
-0.191889 -0.226778 0.052333 0.850379
-0.226778 -0.174444 -0.087222 0.854335
0.069778 0.000000 -0.052333 0.857607
0.209333 -0.069778 -0.034889 0.860765
0.174444 -0.139556 0.069778 0.863864
0.191889 -0.174444 0.000000 0.866939
0.209333 -0.034889 0.000000 0.870054
0.174444 -0.139556 0.052333 0.873140
0.017444 -0.104667 -0.034889 0.876255
-0.139556 -0.017444 0.069778 0.879393
0.034889 -0.139556 0.017444 0.882798
-0.017444 -0.157000 -0.069778 0.886563
0.104667 -0.209333 0.017444 0.889762
0.104667 -0.157000 -0.122111 0.893302
0.069778 -0.139556 -0.052333 0.896528
-0.104667 -0.052333 0.034889 0.899666
-0.034889 -0.122111 0.017444 0.902815
-0.104667 -0.034889 0.052333 0.905972
-0.087222 -0.087222 -0.122111 0.909186
-0.139556 0.000000 0.017444 0.912425
0.069778 -0.104667 0.017444 0.916294
0.191889 -0.157000 0.000000 0.919853
0.052333 -0.104667 -0.017444 0.923182
0.139556 -0.209333 0.034889 0.926827
0.034889 -0.174444 0.069778 0.929978
0.052333 -0.122111 -0.034889 0.933121
-0.157000 -0.122111 -0.052333 0.936289
-0.191889 -0.157000 0.087222 0.939598
-0.174444 -0.052333 -0.034889 0.942930
-0.052333 -0.157000 0.052333 0.946373
0.052333 -0.209333 -0.017444 0.949722
0.122111 -0.174444 0.209333 0.952856
0.279111 -0.122111 0.087222 0.956105
0.069778 -0.104667 0.139556 0.959771
-0.087222 -0.191889 0.000000 0.963003
0.000000 -0.157000 -0.087222 0.966187
0.017444 -0.087222 -0.052333 0.969329
-0.034889 -0.122111 0.122111 0.972630
0.069778 -0.122111 -0.017444 0.976384
0.017444 -0.087222 0.017444 0.979800
0.052333 -0.226778 0.052333 0.983086
0.034889 -0.226778 0.069778 0.986246
-0.034889 -0.017444 0.191889 0.989486
-0.069778 -0.052333 0.017444 0.992996
-0.122111 -0.209333 -0.052333 0.996257
0.017444 0.000000 0.122111 0.999333
0.017444 0.017444 0.000000 1.002403
-0.052333 -0.331444 0.000000 1.005699
0.052333 -0.157000 0.017444 1.009545
0.034889 -0.087222 -0.052333 1.013094
0.069778 -0.174444 0.034889 1.016498
0.000000 -0.052333 0.034889 1.019655
0.017444 -0.069778 0.069778 1.022784
-0.052333 0.000000 -0.034889 1.026322
-0.052333 -0.139556 -0.052333 1.029564
0.069778 -0.191889 0.226778 1.032702
-0.017444 -0.052333 0.017444 1.035999
-0.139556 -0.087222 0.157000 1.039171
0.139556 0.034889 0.000000 1.043066
-0.087222 -0.174444 0.000000 1.046553
0.139556 -0.191889 0.017444 1.049710
-0.087222 -0.069778 -0.034889 1.052980
0.052333 -0.157000 0.139556 1.056126
-0.017444 -0.139556 0.122111 1.059697
0.017444 -0.087222 0.034889 1.062881
-0.069778 -0.174444 0.052333 1.066086
0.122111 -0.122111 0.104667 1.069339
0.174444 -0.104667 0.017444 1.072686
0.000000 -0.087222 0.017444 1.076345
-0.052333 -0.052333 -0.034889 1.079829
0.052333 -0.139556 -0.052333 1.083019
-0.034889 -0.087222 -0.034889 1.086216
-0.069778 -0.209333 0.034889 1.089358
-0.034889 -0.139556 0.069778 1.092933
0.000000 -0.244222 0.104667 1.096205
0.174444 -0.052333 0.052333 1.099486
0.104667 -0.157000 0.069778 1.102807
0.052333 -0.052333 0.087222 1.106225
0.069778 0.000000 -0.017444 1.110132
0.087222 -0.122111 0.069778 1.114100
-0.017444 0.052333 0.017444 1.117358
-0.052333 -0.174444 0.052333 1.120550
0.157000 -0.157000 -0.017444 1.123803
0.104667 0.000000 0.104667 1.127289
-0.034889 -0.226778 0.052333 1.130674
0.000000 -0.069778 0.017444 1.133980
0.209333 -0.104667 -0.017444 1.140012
0.052333 -0.174444 0.104667 1.143925
-0.104667 -0.052333 -0.034889 1.147796
0.000000 -0.244222 0.052333 1.151127
-0.017444 -0.052333 -0.122111 1.154428
-0.052333 -0.157000 -0.052333 1.157698
-0.034889 -0.157000 -0.087222 1.161045
0.017444 -0.034889 0.034889 1.164209
0.017444 -0.139556 -0.104667 1.170068
-0.122111 -0.122111 0.034889 1.173726
0.034889 -0.122111 -0.052333 1.177553
0.104667 -0.174444 0.017444 1.180950
0.122111 -0.069778 -0.104667 1.184069
0.052333 -0.122111 0.000000 1.187335
-0.034889 -0.104667 -0.017444 1.190679
0.139556 -0.139556 -0.052333 1.193995
0.069778 -0.157000 -0.034889 1.197312
0.000000 -0.087222 0.017444 1.200665
0.157000 -0.104667 0.017444 1.204321
0.139556 -0.069778 0.157000 1.207559
0.104667 -0.174444 0.034889 1.210722
-0.104667 -0.279111 -0.104667 1.213935
-0.052333 -0.139556 0.017444 1.217058
0.087222 -0.087222 0.017444 1.220209
0.017444 -0.087222 -0.017444 1.223326
0.244222 -0.034889 0.191889 1.226440
0.087222 -0.034889 0.087222 1.230109
0.052333 -0.226778 -0.069778 1.233694
0.069778 -0.017444 -0.034889 1.237189
0.069778 -0.087222 0.000000 1.240356
-0.017444 -0.139556 0.017444 1.243939
-0.017444 -0.174444 0.122111 1.247094
-0.034889 -0.104667 0.017444 1.250252
0.000000 0.034889 0.052333 1.253309
-0.017444 -0.069778 -0.069778 1.256448
-0.122111 0.122111 0.104667 1.259621
0.069778 -0.087222 0.122111 1.263011
-0.052333 -0.122111 -0.069778 1.266812
-0.052333 -0.122111 0.000000 1.270131
0.139556 -0.139556 0.069778 1.273259
0.069778 -0.122111 0.087222 1.276423
0.000000 -0.157000 0.017444 1.279546
0.017444 -0.069778 0.052333 1.282634
0.104667 -0.157000 0.000000 1.285739
0.104667 -0.087222 0.034889 1.288796
0.157000 -0.209333 0.000000 1.292508
0.069778 -0.087222 0.017444 1.295946
0.000000 -0.191889 0.017444 1.299416
-0.157000 -0.174444 0.069778 1.302582
0.017444 -0.174444 0.139556 1.305701
-0.017444 -0.052333 0.157000 1.309204
-0.017444 -0.017444 0.052333 1.312441
-0.052333 -0.069778 0.122111 1.315598
-0.034889 -0.191889 0.139556 1.318745
0.034889 0.000000 -0.139556 1.321875
-0.226778 -0.087222 0.052333 1.325210
0.034889 -0.157000 -0.069778 1.329102
-0.104667 -0.139556 -0.069778 1.332708
0.104667 -0.122111 0.000000 1.335865
0.157000 -0.087222 0.017444 1.338992
-0.122111 -0.069778 -0.017444 1.342224
0.069778 -0.244222 -0.017444 1.345311
-0.034889 -0.087222 -0.017444 1.348475
0.069778 -0.069778 -0.087222 1.351577
-0.034889 -0.052333 0.034889 1.354703
-0.087222 -0.122111 0.052333 1.358122
-0.087222 -0.087222 -0.017444 1.362124
0.087222 -0.087222 0.139556 1.365350
0.034889 -0.122111 -0.017444 1.368416
0.034889 -0.052333 0.052333 1.371531
-0.052333 -0.139556 0.034889 1.374709
0.000000 -0.069778 0.017444 1.377850
-0.017444 -0.244222 0.017444 1.380994
0.069778 -0.157000 0.017444 1.384109
0.174444 -0.122111 -0.017444 1.387178
0.069778 -0.191889 -0.122111 1.390501
0.069778 -0.104667 -0.034889 1.394207
-0.069778 -0.139556 0.069778 1.397399
-0.174444 -0.052333 -0.017444 1.400553
-0.122111 -0.209333 0.069778 1.403666
0.017444 -0.261667 -0.069778 1.406796
0.000000 -0.157000 0.034889 1.409973
0.017444 -0.104667 0.000000 1.413100
-0.209333 -0.191889 -0.034889 1.416270
0.052333 -0.209333 0.034889 1.419485
-0.034889 -0.069778 0.052333 1.423405
0.087222 -0.209333 -0.017444 1.426976
0.052333 -0.017444 0.122111 1.430187
-0.052333 -0.034889 -0.017444 1.433339
0.087222 -0.122111 -0.052333 1.436480
-0.401222 -0.244222 -0.069778 1.439646
-0.017444 -0.069778 0.000000 1.442836
0.139556 -0.209333 -0.157000 1.446269
-0.017444 -0.139556 -0.034889 1.449449
-0.157000 -0.122111 0.000000 1.452886
-0.069778 -0.069778 0.000000 1.456471
0.000000 -0.191889 0.017444 1.459684
-0.069778 -0.209333 -0.017444 1.462835
0.087222 -0.017444 0.017444 1.465968
0.069778 -0.157000 -0.017444 1.469103
0.139556 -0.191889 0.000000 1.472184
0.087222 -0.157000 0.017444 1.475339
-0.069778 -0.139556 0.069778 1.478495
0.104667 -0.226778 0.000000 1.481703
0.122111 -0.261667 0.122111 1.485555
0.157000 -0.069778 0.174444 1.489111
0.157000 -0.139556 0.052333 1.492331
0.122111 -0.122111 -0.104667 1.495470
0.157000 -0.139556 0.000000 1.498570
0.034889 -0.052333 0.052333 1.501682
0.017444 -0.122111 0.017444 1.504789
0.069778 -0.087222 0.087222 1.507871
-0.139556 -0.034889 0.122111 1.510913
0.104667 -0.052333 0.087222 1.514285
-0.034889 -0.069778 0.104667 1.518055
0.122111 -0.174444 0.000000 1.521369
0.052333 -0.139556 0.000000 1.524518
0.017444 -0.069778 0.017444 1.527651
-0.087222 -0.244222 0.000000 1.530797
-0.069778 -0.069778 0.000000 1.533948
-0.157000 -0.104667 0.000000 1.537082
0.052333 -0.104667 0.191889 1.540170
0.087222 -0.139556 0.034889 1.543298
-0.052333 -0.139556 -0.069778 1.546679
0.069778 -0.122111 -0.069778 1.550357
0.000000 -0.069778 0.034889 1.553722
0.017444 -0.191889 0.174444 1.556886
0.087222 0.000000 0.052333 1.560407
0.174444 -0.139556 0.017444 1.563723
0.000000 -0.139556 0.000000 1.566876
-0.122111 0.000000 0.000000 1.569957
0.034889 -0.157000 0.000000 1.573133
-0.034889 -0.348889 -0.087222 1.576882
-0.104667 -0.279111 0.017444 1.580516
0.052333 -0.226778 0.000000 1.583951
0.122111 -0.139556 0.000000 1.587101
0.017444 -0.122111 0.034889 1.590222
0.034889 -0.226778 -0.087222 1.593883
0.034889 -0.226778 0.000000 1.597195
0.034889 -0.122111 0.017444 1.600323
-0.017444 -0.069778 -0.017444 1.603466
0.122111 -0.157000 -0.017444 1.606601
-0.034889 -0.226778 -0.052333 1.610667
0.139556 -0.191889 -0.122111 1.614172
0.017444 -0.017444 0.104667 1.617310
0.000000 -0.052333 -0.034889 1.620460
0.052333 -0.104667 -0.017444 1.623509
-0.139556 -0.174444 -0.122111 1.627111
-0.122111 -0.069778 0.052333 1.630434
-0.052333 -0.017444 0.087222 1.633581
-0.139556 -0.139556 0.122111 1.636695
-0.069778 -0.226778 0.017444 1.640095
0.209333 -0.052333 0.017444 1.643746
-0.104667 -0.034889 0.000000 1.647175
-0.017444 -0.017444 0.017444 1.650329
0.104667 -0.069778 -0.017444 1.653474
-0.052333 0.017444 -0.087222 1.656692
-0.034889 -0.174444 0.034889 1.660141
-0.052333 -0.034889 -0.017444 1.663394
-0.087222 -0.244222 -0.052333 1.666576
0.122111 -0.017444 0.034889 1.669686
0.104667 -0.226778 -0.017444 1.673172
-0.069778 -0.244222 -0.069778 1.676994
0.122111 -0.104667 0.069778 1.680474
0.000000 -0.052333 0.087222 1.683614
-0.122111 -0.104667 0.034889 1.686756
-0.017444 -0.104667 0.017444 1.689883
0.000000 -0.139556 -0.052333 1.693016
0.034889 0.000000 -0.017444 1.696158
0.139556 -0.226778 0.017444 1.699248
0.052333 -0.157000 0.052333 1.702358
-0.034889 -0.122111 -0.017444 1.705808
-0.017444 -0.052333 -0.017444 1.709626
-0.052333 -0.104667 -0.069778 1.712919
0.104667 -0.052333 0.034889 1.716031
0.000000 -0.087222 0.226778 1.719123
0.052333 -0.104667 0.034889 1.722210
-0.017444 -0.104667 0.034889 1.725397
0.017444 -0.244222 0.034889 1.728532
0.069778 -0.139556 -0.034889 1.731582
-0.034889 -0.226778 -0.034889 1.734741
0.139556 -0.104667 -0.052333 1.738172
0.087222 -0.348889 0.087222 1.741855
0.139556 -0.191889 -0.052333 1.745067
-0.069778 -0.052333 0.069778 1.748165
0.000000 -0.314000 -0.034889 1.751318
0.017444 0.034889 0.052333 1.754374
-0.052333 -0.139556 -0.052333 1.757542
-0.017444 -0.052333 0.122111 1.760697
-0.052333 -0.157000 -0.034889 1.763836
-0.052333 -0.052333 0.000000 1.767005
0.174444 -0.122111 0.209333 1.770757
0.052333 -0.314000 0.052333 1.774364
-0.087222 -0.052333 -0.017444 1.777608
0.069778 -0.087222 0.000000 1.780753
0.017444 -0.069778 -0.017444 1.783877
0.000000 -0.034889 0.000000 1.786991
-0.034889 -0.191889 0.000000 1.790123
0.000000 -0.122111 -0.017444 1.793318
0.052333 -0.069778 -0.017444 1.796438
-0.052333 -0.069778 0.069778 1.799839
0.139556 0.017444 0.000000 1.803613
-0.017444 -0.104667 -0.017444 1.806890
0.069778 -0.122111 0.017444 1.810081
-0.087222 -0.279111 0.122111 1.813234
-0.104667 -0.069778 0.017444 1.816291
0.017444 -0.122111 -0.034889 1.819429
-0.052333 -0.052333 0.000000 1.822538
0.000000 -0.174444 0.034889 1.825647
0.087222 -0.122111 -0.017444 1.828747
-0.069778 -0.226778 -0.052333 1.832154
-0.052333 -0.139556 0.034889 1.835837
-0.052333 -0.139556 -0.034889 1.839092
0.069778 -0.209333 0.104667 1.842238
-0.087222 -0.069778 -0.157000 1.845414
0.104667 -0.052333 0.069778 1.848472
-0.069778 0.017444 -0.034889 1.851606
-0.122111 -0.209333 -0.069778 1.854734
0.000000 -0.122111 0.139556 1.857877
0.017444 -0.052333 0.069778 1.861112
0.122111 -0.139556 -0.034889 1.864973
-0.052333 -0.069778 0.104667 1.868600
-0.017444 -0.104667 -0.034889 1.871835
0.034889 -0.087222 0.069778 1.875004
-0.034889 -0.139556 0.000000 1.878176
0.017444 -0.034889 -0.017444 1.881314
-0.052333 -0.104667 0.034889 1.884424
0.157000 -0.139556 0.034889 1.887535
0.139556 -0.052333 0.069778 1.890588
0.000000 -0.191889 0.017444 1.893995
-0.017444 -0.087222 0.034889 1.897536
-0.017444 0.017444 0.104667 1.900900
0.000000 -0.157000 0.034889 1.903983
0.034889 -0.069778 0.000000 1.907121
0.052333 -0.069778 -0.017444 1.910269
0.017444 -0.157000 -0.087222 1.913374
0.069778 -0.209333 0.069778 1.916484
-0.017444 -0.157000 -0.017444 1.919591
-0.052333 -0.052333 0.069778 1.922696
0.052333 -0.017444 0.069778 1.926157
-0.017444 0.034889 -0.017444 1.930010
-0.052333 -0.017444 0.052333 1.933266
-0.104667 -0.087222 0.017444 1.936427
0.017444 -0.226778 0.000000 1.939516
0.000000 -0.157000 -0.052333 1.942700
-0.034889 -0.174444 0.069778 1.945857
0.122111 -0.122111 -0.034889 1.948963
-0.034889 -0.157000 -0.034889 1.952094
-0.087222 -0.261667 -0.052333 1.955221
-0.017444 -0.069778 0.209333 1.958636
0.069778 0.069778 0.069778 1.962316
-0.017444 -0.052333 -0.191889 1.965559
0.157000 -0.052333 0.087222 1.968689
-0.122111 -0.122111 0.104667 1.971770
-0.017444 -0.122111 0.000000 1.974955
-0.122111 -0.052333 0.209333 1.978134
0.034889 -0.087222 0.034889 1.981223
0.087222 -0.401222 0.087222 1.984308
-0.069778 -0.034889 0.017444 1.987572
-0.069778 -0.157000 -0.052333 1.991445
0.017444 -0.069778 -0.017444 1.994993
0.000000 0.052333 0.034889 1.998180
0.000000 -0.174444 0.069778 2.001211
-0.017444 -0.087222 -0.052333 2.004377
-0.052333 -0.157000 0.174444 2.007560
-0.139556 -0.139556 -0.069778 2.010738
0.034889 -0.139556 0.034889 2.013865
0.069778 -0.122111 -0.087222 2.016975
-0.052333 -0.157000 0.104667 2.020372
-0.122111 -0.122111 0.052333 2.024086
-0.017444 -0.104667 0.087222 2.027384
-0.052333 -0.034889 -0.052333 2.030563
-0.017444 -0.174444 0.052333 2.033700
0.000000 -0.104667 0.034889 2.036813
-0.139556 -0.052333 0.017444 2.039907
0.000000 0.000000 -0.017444 2.043055
0.122111 -0.122111 0.069778 2.046182
-0.052333 -0.104667 0.087222 2.049310
0.157000 -0.209333 -0.052333 2.052654
-0.069778 0.052333 -0.017444 2.056343
0.069778 -0.069778 0.087222 2.059568
-0.017444 -0.244222 0.052333 2.062720
-0.069778 -0.104667 0.052333 2.065841
-0.017444 -0.209333 0.000000 2.068942
-0.104667 -0.104667 0.000000 2.072072
-0.244222 -0.104667 0.139556 2.075258
0.087222 -0.122111 0.069778 2.078364
-0.104667 -0.261667 0.139556 2.081599
-0.052333 -0.296556 0.069778 2.085446
0.052333 -0.191889 0.000000 2.089023
-0.017444 -0.104667 -0.087222 2.092290
0.000000 -0.052333 -0.034889 2.095458
-0.017444 0.017444 -0.017444 2.098579
-0.017444 -0.052333 0.034889 2.101706
0.191889 -0.139556 0.034889 2.104814
-0.104667 -0.401222 0.034889 2.107872
0.069778 -0.087222 0.017444 2.110977
0.087222 -0.069778 0.069778 2.114505
0.034889 -0.104667 0.104667 2.118181
-0.052333 -0.261667 0.017444 2.121658
-0.069778 -0.087222 0.069778 2.124885
0.069778 -0.052333 -0.069778 2.127982
0.052333 -0.139556 -0.122111 2.131109
-0.087222 0.000000 0.034889 2.134219
0.017444 -0.052333 0.069778 2.137294
-0.034889 0.052333 0.000000 2.140374
-0.017444 -0.174444 0.122111 2.143515
-0.296556 -0.104667 0.017444 2.146885
-0.139556 -0.069778 0.052333 2.150645
0.209333 -0.296556 0.000000 2.154214
0.034889 -0.261667 0.087222 2.157356
0.069778 -0.122111 -0.034889 2.160530
0.000000 -0.157000 0.087222 2.163693
0.000000 -0.174444 -0.052333 2.166848
-0.104667 -0.191889 0.052333 2.169947
-0.069778 -0.139556 0.122111 2.173091
-0.017444 -0.052333 -0.017444 2.176481
0.034889 -0.104667 0.139556 2.179900
0.034889 -0.157000 0.139556 2.183576
0.052333 -0.157000 -0.017444 2.186737
0.122111 -0.069778 0.000000 2.189889
-0.087222 -0.104667 0.052333 2.193149
0.000000 -0.034889 0.000000 2.196295
0.052333 -0.139556 0.000000 2.199417
-0.052333 -0.122111 -0.052333 2.202581
0.017444 -0.157000 -0.052333 2.205645
-0.017444 -0.209333 0.087222 2.208908
-0.087222 -0.139556 -0.017444 2.212826
0.034889 -0.139556 0.087222 2.216399
-0.087222 -0.331444 -0.069778 2.219564
0.034889 -0.261667 0.122111 2.222691
-0.034889 -0.017444 -0.122111 2.225910
-0.034889 -0.226778 -0.104667 2.229071
-0.122111 -0.087222 0.000000 2.232186
-0.034889 -0.017444 -0.034889 2.235350
-0.017444 -0.087222 0.034889 2.238425
-0.122111 -0.157000 0.017444 2.241848
0.157000 -0.174444 0.087222 2.245402
0.122111 -0.157000 0.069778 2.248813
0.000000 -0.139556 0.052333 2.252109
-0.191889 -0.122111 0.052333 2.255221
-0.017444 -0.069778 0.052333 2.258810
0.139556 -0.069778 -0.017444 2.262068
0.000000 -0.087222 0.052333 2.265238
0.000000 -0.174444 0.034889 2.268547
0.052333 -0.157000 0.034889 2.271616
0.052333 -0.139556 0.000000 2.275033
0.069778 -0.191889 0.122111 2.278445
-0.017444 -0.104667 0.122111 2.281591
-0.087222 0.034889 -0.017444 2.284805
0.087222 -0.209333 0.052333 2.287892
-0.034889 -0.209333 0.052333 2.291570
-0.034889 -0.069778 0.104667 2.294931
0.034889 -0.104667 0.017444 2.298094
0.017444 -0.087222 0.017444 2.301356
-0.034889 -0.034889 0.034889 2.304604
-0.034889 -0.104667 0.034889 2.308443
0.034889 -0.157000 0.069778 2.312051
0.087222 -0.069778 0.034889 2.315312
0.244222 -0.104667 0.052333 2.318459
-0.017444 -0.069778 -0.017444 2.321618
0.052333 -0.191889 0.052333 2.325418
0.000000 -0.069778 0.034889 2.328736
-0.069778 -0.052333 0.017444 2.332031
0.017444 -0.017444 -0.017444 2.335177
0.017444 -0.174444 -0.226778 2.338594
-0.034889 -0.069778 0.087222 2.342303
-0.034889 -0.069778 0.000000 2.345536
-0.017444 -0.174444 0.087222 2.348830
0.104667 -0.052333 -0.069778 2.352014
-0.034889 -0.226778 0.017444 2.355162
-0.017444 -0.174444 -0.087222 2.358720
0.174444 -0.087222 0.000000 2.361932
-0.034889 -0.157000 0.174444 2.365234
-0.034889 -0.157000 -0.017444 2.368668
0.069778 -0.139556 -0.017444 2.372154
0.000000 -0.139556 0.104667 2.375695
-0.139556 -0.087222 0.017444 2.378948
-0.122111 -0.122111 0.104667 2.382249
-0.139556 -0.104667 0.017444 2.385398
0.261667 -0.209333 0.017444 2.388486
0.104667 -0.191889 -0.017444 2.391953
0.314000 -0.122111 -0.052333 2.395299
-0.034889 -0.157000 0.000000 2.398602
-0.104667 -0.104667 0.209333 2.402617
-0.174444 0.087222 0.052333 2.405811
