rads/s rads/s rads/s sec
initial data: -0.052333 -0.104667 0.087222
0.122111 -0.279111 0.593111 0.003871
-0.104667 -0.226778 0.819889 0.007136
0.034889 -0.226778 0.331444 0.010360
-0.052333 -0.331444 0.593111 0.013562
0.052333 -0.191889 0.418667 0.016724
-0.034889 -0.052333 -0.087222 0.020325
0.000000 -0.226778 0.279111 0.024566
-0.017444 -0.191889 0.226778 0.028253
-0.069778 -0.174444 0.087222 0.032016
0.017444 -0.087222 -0.174444 0.036590
-0.034889 -0.261667 0.488444 0.039820
-0.087222 -0.174444 0.139556 0.043041
-0.122111 -0.052333 -0.296556 0.046249
-0.104667 -0.174444 0.000000 0.049419
-0.157000 0.034889 -0.383778 0.052827
-0.017444 -0.157000 -0.087222 0.056301
0.087222 -0.087222 0.174444 0.060566
-0.191889 0.034889 -0.366333 0.064137
-0.157000 -0.296556 0.348889 0.067484
0.034889 -0.366333 0.261667 0.071052
0.000000 -0.034889 0.122111 0.074250
-0.069778 -0.261667 0.366333 0.077599
-0.069778 -0.139556 0.209333 0.080929
0.034889 -0.139556 0.296556 0.084239
-0.139556 -0.157000 0.104667 0.090626
-0.087222 -0.139556 0.157000 0.094600
-0.034889 -0.104667 -0.157000 0.098030
-0.069778 -0.052333 -0.017444 0.101425
0.104667 -0.209333 0.034889 0.104740
-0.122111 -0.034889 -0.052333 0.107979
-0.017444 -0.017444 -0.174444 0.111351
0.052333 -0.104667 -0.139556 0.114708
-0.017444 -0.069778 0.104667 0.120440
-0.069778 -0.139556 0.226778 0.124465
-0.069778 -0.157000 -0.034889 0.127754
-0.087222 -0.157000 0.017444 0.130968
-0.087222 -0.087222 -0.209333 0.134182
-0.139556 -0.157000 -0.174444 0.137433
0.052333 -0.069778 -0.104667 0.140617
0.017444 -0.087222 -0.087222 0.143788
0.139556 -0.052333 0.087222 0.146936
-0.104667 -0.069778 0.087222 0.150277
-0.017444 -0.209333 0.157000 0.153889
-0.034889 -0.034889 -0.052333 0.157477
-0.122111 0.017444 -0.034889 0.160690
-0.261667 -0.104667 -0.034889 0.163885
-0.122111 -0.017444 -0.104667 0.167065
0.069778 -0.052333 -0.087222 0.170292
-0.174444 -0.174444 0.104667 0.173406
-0.069778 -0.139556 0.191889 0.176567
-0.104667 -0.034889 0.052333 0.179716
0.052333 -0.034889 -0.052333 0.183177
-0.069778 -0.174444 0.104667 0.186902
-0.104667 -0.087222 0.122111 0.190064
0.017444 -0.122111 -0.017444 0.193238
-0.087222 -0.034889 0.157000 0.196398
0.034889 -0.209333 -0.087222 0.199547
0.139556 -0.052333 -0.034889 0.202746
-0.174444 -0.087222 -0.034889 0.205947
0.052333 0.017444 -0.052333 0.209010
-0.034889 -0.139556 -0.052333 0.212383
0.069778 -0.052333 -0.174444 0.216358
-0.034889 -0.052333 0.191889 0.220197
-0.017444 -0.034889 -0.034889 0.223486
-0.052333 -0.052333 -0.087222 0.226702
0.017444 -0.087222 -0.017444 0.229877
-0.157000 -0.244222 0.034889 0.232998
0.052333 -0.209333 0.034889 0.236196
-0.122111 -0.034889 0.279111 0.239368
-0.069778 -0.157000 0.104667 0.242525
-0.069778 -0.087222 0.157000 0.245895
-0.052333 -0.034889 0.104667 0.249600
-0.052333 -0.034889 0.034889 0.252846
0.191889 -0.139556 0.034889 0.256004
0.017444 -0.087222 0.087222 0.259146
0.157000 -0.087222 0.122111 0.262290
-0.087222 -0.034889 0.087222 0.265443
0.000000 -0.069778 0.069778 0.268627
0.000000 -0.209333 -0.017444 0.271796
0.157000 0.034889 0.034889 0.274991
-0.052333 -0.122111 0.087222 0.278922
-0.122111 -0.139556 0.244222 0.282587
-0.087222 -0.087222 0.069778 0.285846
-0.052333 -0.174444 -0.069778 0.289047
-0.069778 -0.122111 -0.034889 0.292204
-0.087222 -0.087222 0.000000 0.295406
-0.122111 -0.209333 0.017444 0.298570
-0.052333 -0.191889 -0.017444 0.301761
-0.017444 -0.244222 -0.069778 0.304911
-0.087222 -0.087222 -0.034889 0.308413
-0.052333 -0.122111 0.017444 0.312196
0.069778 -0.244222 0.034889 0.315427
-0.052333 -0.122111 -0.069778 0.318584
0.017444 -0.069778 0.017444 0.321755
-0.034889 -0.052333 0.052333 0.324933
-0.034889 -0.069778 0.000000 0.328109
-0.034889 -0.139556 -0.244222 0.331286
-0.034889 -0.069778 -0.034889 0.334583
-0.069778 -0.191889 -0.052333 0.338042
-0.139556 -0.139556 -0.034889 0.341509
-0.017444 -0.174444 -0.104667 0.345022
-0.157000 -0.104667 0.052333 0.348219
0.034889 -0.069778 0.104667 0.351383
0.087222 -0.104667 0.069778 0.354541
-0.034889 -0.087222 -0.034889 0.357721
0.017444 -0.174444 -0.052333 0.360887
-0.017444 -0.139556 -0.069778 0.364116
0.017444 -0.157000 0.104667 0.367256
0.034889 0.069778 0.052333 0.370577
0.017444 -0.052333 0.157000 0.374272
0.244222 -0.104667 -0.017444 0.377515
-0.034889 -0.296556 0.087222 0.380690
-0.052333 -0.122111 0.034889 0.383881
0.034889 -0.069778 0.069778 0.387062
0.034889 -0.261667 0.052333 0.390202
-0.052333 -0.069778 0.087222 0.393359
-0.017444 -0.122111 0.034889 0.396507
-0.052333 -0.157000 -0.034889 0.399778
-0.017444 -0.139556 -0.069778 0.403769
-0.034889 -0.122111 0.000000 0.407427
-0.017444 -0.209333 0.122111 0.410669
0.000000 -0.157000 0.017444 0.413805
-0.087222 -0.261667 0.034889 0.416959
-0.191889 -0.087222 0.017444 0.420136
-0.034889 -0.087222 0.000000 0.423300
0.069778 -0.122111 0.017444 0.426440
-0.017444 -0.191889 -0.017444 0.429628
0.069778 -0.034889 0.069778 0.433089
-0.052333 -0.157000 -0.017444 0.436797
-0.069778 -0.157000 0.052333 0.440069
-0.034889 -0.157000 -0.087222 0.443261
-0.034889 -0.104667 0.052333 0.446419
0.034889 -0.104667 -0.052333 0.449575
0.052333 -0.174444 0.017444 0.452833
0.017444 -0.261667 -0.017444 0.456010
-0.069778 -0.174444 -0.034889 0.459206
-0.139556 -0.174444 0.069778 0.462614
0.000000 -0.052333 0.104667 0.466270
-0.209333 -0.157000 0.034889 0.469680
-0.122111 -0.191889 -0.017444 0.472917
-0.139556 -0.122111 0.017444 0.476203
-0.174444 -0.139556 0.052333 0.479437
-0.087222 -0.174444 0.034889 0.482618
-0.157000 -0.191889 0.087222 0.485837
-0.069778 -0.034889 0.104667 0.489012
-0.017444 -0.191889 0.069778 0.492302
-0.052333 -0.139556 0.017444 0.496318
-0.122111 -0.122111 0.017444 0.500007
-0.052333 -0.104667 -0.069778 0.503335
-0.087222 -0.157000 0.052333 0.506522
0.017444 -0.122111 -0.104667 0.509768
-0.034889 -0.017444 0.087222 0.512968
0.000000 -0.139556 -0.052333 0.516221
0.069778 -0.069778 0.000000 0.519441
0.000000 0.000000 0.000000 0.522844
-0.034889 -0.052333 0.034889 0.526329
0.139556 -0.314000 0.017444 0.530176
0.069778 0.000000 0.052333 0.533634
-0.087222 -0.069778 0.069778 0.537514
-0.174444 -0.157000 -0.052333 0.540965
0.087222 -0.104667 0.069778 0.544295
-0.034889 0.000000 0.069778 0.547903
-0.087222 -0.104667 0.087222 0.551407
-0.122111 -0.087222 0.034889 0.558603
0.052333 -0.139556 0.104667 0.562026
-0.104667 -0.122111 -0.017444 0.565272
-0.157000 -0.209333 -0.052333 0.568850
0.000000 -0.209333 -0.017444 0.572124
-0.104667 -0.052333 -0.017444 0.575317
-0.017444 -0.157000 -0.034889 0.578702
-0.069778 -0.069778 0.017444 0.581943
0.122111 -0.191889 -0.017444 0.585389
0.069778 -0.191889 0.087222 0.588974
-0.104667 -0.174444 -0.087222 0.592513
-0.069778 -0.104667 0.069778 0.595906
0.122111 -0.104667 0.104667 0.599085
-0.122111 -0.244222 0.087222 0.602711
0.000000 -0.052333 -0.052333 0.605950
-0.157000 -0.104667 0.052333 0.609116
-0.087222 -0.139556 0.052333 0.612468
0.000000 -0.087222 0.087222 0.615623
-0.122111 -0.226778 0.052333 0.619405
-0.017444 -0.209333 0.052333 0.623402
-0.069778 -0.139556 0.209333 0.626797
-0.069778 -0.122111 -0.069778 0.630019
0.052333 -0.087222 0.104667 0.633157
-0.122111 -0.104667 0.000000 0.636787
0.104667 -0.069778 -0.017444 0.640046
0.052333 -0.139556 -0.052333 0.643394
0.000000 -0.139556 0.017444 0.646557
0.069778 -0.157000 -0.034889 0.649899
-0.104667 -0.104667 -0.034889 0.653666
-0.174444 -0.034889 -0.017444 0.657209
0.017444 -0.139556 0.087222 0.660555
-0.034889 -0.122111 0.157000 0.663736
0.000000 -0.122111 0.104667 0.666875
-0.017444 -0.157000 0.122111 0.670486
-0.139556 -0.122111 0.000000 0.673723
-0.139556 -0.174444 0.069778 0.676819
-0.034889 -0.104667 0.122111 0.680173
0.139556 -0.017444 0.000000 0.684107
0.000000 -0.122111 0.104667 0.687723
-0.034889 -0.191889 0.000000 0.690929
0.087222 -0.087222 0.122111 0.694077
-0.069778 -0.157000 -0.017444 0.697351
-0.139556 -0.191889 -0.122111 0.700494
-0.017444 -0.122111 -0.087222 0.703729
-0.122111 -0.157000 0.052333 0.707493
0.139556 -0.034889 0.087222 0.710736
0.017444 0.000000 0.000000 0.714098
-0.069778 -0.017444 0.052333 0.717556
0.017444 -0.122111 0.000000 0.721134
-0.052333 -0.226778 -0.034889 0.724589
-0.034889 -0.139556 -0.034889 0.727796
0.139556 -0.087222 -0.069778 0.731134
0.000000 -0.191889 -0.104667 0.734329
-0.034889 -0.017444 -0.087222 0.738113
0.052333 -0.209333 0.104667 0.741426
-0.069778 -0.174444 -0.069778 0.744932
0.034889 -0.087222 0.000000 0.748293
-0.034889 -0.034889 0.034889 0.751704
-0.069778 -0.104667 0.000000 0.755262
0.052333 -0.052333 0.122111 0.758453
-0.052333 -0.052333 0.087222 0.761623
-0.069778 -0.261667 0.000000 0.764776
0.017444 -0.104667 -0.139556 0.768091
0.034889 -0.122111 0.034889 0.771612
0.017444 0.000000 0.034889 0.774984
0.000000 -0.157000 0.017444 0.778423
-0.104667 -0.104667 -0.069778 0.781658
0.034889 -0.191889 0.087222 0.785172
0.174444 -0.122111 0.017444 0.788599
-0.122111 -0.139556 0.017444 0.791780
-0.104667 -0.122111 -0.034889 0.794900
-0.069778 -0.104667 0.069778 0.798058
0.069778 -0.087222 -0.034889 0.801373
-0.209333 -0.122111 0.034889 0.804946
-0.139556 -0.069778 0.069778 0.808487
-0.139556 -0.069778 -0.069778 0.812022
0.052333 -0.122111 0.052333 0.815189
0.000000 -0.139556 0.139556 0.818947
-0.017444 -0.279111 -0.034889 0.822254
0.017444 -0.017444 0.017444 0.825344
-0.174444 -0.087222 0.000000 0.828505
-0.069778 -0.139556 -0.017444 0.831679
0.017444 -0.034889 -0.034889 0.835416
-0.069778 -0.226778 0.017444 0.839121
0.104667 -0.104667 0.000000 0.842503
0.069778 -0.261667 0.104667 0.845688
-0.017444 -0.122111 -0.017444 0.848880
-0.139556 -0.191889 0.017444 0.852648
-0.017444 -0.034889 -0.122111 0.855936
-0.034889 -0.104667 -0.017444 0.859147
0.052333 0.052333 0.069778 0.862254
0.017444 0.017444 -0.017444 0.865464
-0.139556 -0.034889 0.052333 0.869428
-0.157000 -0.087222 0.000000 0.873514
0.034889 -0.122111 0.034889 0.876810
0.209333 -0.296556 -0.052333 0.880006
-0.052333 0.017444 0.052333 0.883200
-0.157000 -0.139556 -0.017444 0.886834
-0.034889 -0.174444 0.034889 0.890068
-0.052333 -0.104667 0.104667 0.893239
-0.069778 -0.122111 -0.034889 0.896417
0.000000 -0.052333 -0.034889 0.899884
0.104667 -0.087222 0.017444 0.903552
0.069778 -0.139556 0.017444 0.907066
-0.087222 0.000000 -0.052333 0.910273
0.069778 -0.104667 0.000000 0.913450
-0.087222 -0.296556 0.052333 0.916641
-0.139556 -0.314000 -0.017444 0.920247
0.000000 -0.104667 0.017444 0.923455
0.052333 0.069778 -0.034889 0.926596
-0.017444 -0.209333 0.034889 0.929955
0.034889 -0.087222 0.052333 0.933843
0.122111 -0.104667 0.017444 0.937438
-0.069778 -0.139556 0.017444 0.940666
-0.034889 -0.069778 0.017444 0.943817
0.069778 -0.052333 0.087222 0.947066
-0.069778 -0.104667 -0.069778 0.950275
-0.104667 -0.017444 0.034889 0.953868
0.139556 -0.174444 0.017444 0.957071
-0.069778 -0.087222 -0.052333 0.960286
0.139556 -0.191889 0.000000 0.963757
-0.191889 -0.157000 0.157000 0.967126
0.052333 -0.191889 0.174444 0.970727
0.174444 -0.122111 0.000000 0.973930
-0.261667 -0.104667 -0.069778 0.977119
-0.034889 -0.191889 -0.087222 0.980308
0.157000 -0.034889 -0.052333 0.983469
-0.139556 -0.122111 0.000000 0.986692
-0.087222 -0.226778 -0.034889 0.989842
0.000000 -0.052333 -0.052333 0.993228
-0.052333 -0.034889 0.034889 0.996963
-0.139556 -0.157000 0.000000 1.000419
-0.017444 -0.034889 0.052333 1.004075
-0.157000 -0.017444 0.017444 1.007304
0.000000 -0.104667 0.052333 1.010448
-0.069778 -0.174444 0.000000 1.013623
0.069778 0.034889 0.052333 1.016732
-0.174444 -0.122111 0.069778 1.020332
-0.191889 -0.122111 0.069778 1.023738
0.000000 -0.157000 -0.052333 1.027663
-0.157000 -0.122111 0.104667 1.030921
-0.087222 -0.087222 -0.034889 1.034112
-0.139556 -0.104667 0.069778 1.037881
0.069778 -0.104667 0.069778 1.041147
0.000000 -0.157000 -0.122111 1.044403
-0.104667 -0.017444 0.052333 1.047574
-0.157000 -0.157000 -0.034889 1.050767
-0.069778 -0.122111 0.017444 1.054407
-0.087222 -0.122111 -0.017444 1.058023
-0.122111 -0.139556 0.000000 1.061481
-0.139556 -0.157000 0.122111 1.064683
0.052333 0.034889 0.000000 1.067930
-0.104667 0.034889 0.069778 1.071597
-0.174444 -0.104667 -0.034889 1.074919
-0.104667 -0.052333 0.034889 1.078108
0.000000 -0.139556 0.209333 1.081259
-0.104667 -0.104667 0.000000 1.084475
-0.069778 -0.139556 -0.017444 1.088498
0.087222 -0.157000 0.104667 1.092129
-0.069778 -0.104667 -0.017444 1.095371
-0.226778 -0.069778 0.000000 1.098533
-0.034889 -0.087222 -0.122111 1.102192
0.017444 -0.157000 -0.034889 1.105465
-0.069778 -0.122111 -0.069778 1.108659
-0.174444 -0.157000 0.017444 1.111833
0.087222 -0.157000 0.034889 1.115010
0.000000 -0.139556 0.000000 1.118331
-0.087222 -0.034889 0.017444 1.121727
-0.052333 -0.052333 -0.122111 1.125649
0.052333 -0.139556 0.069778 1.128875
-0.052333 -0.104667 0.052333 1.132062
-0.052333 -0.139556 0.069778 1.135259
-0.191889 -0.122111 0.017444 1.138426
-0.034889 -0.157000 0.000000 1.141586
-0.017444 0.034889 -0.087222 1.144684
-0.139556 -0.104667 0.034889 1.147851
-0.034889 0.034889 -0.034889 1.151174
-0.122111 -0.104667 0.069778 1.155103
-0.069778 -0.087222 -0.052333 1.158710
0.122111 -0.052333 0.017444 1.161890
0.017444 -0.191889 0.122111 1.164954
-0.069778 -0.017444 0.017444 1.168157
-0.069778 0.034889 0.069778 1.171299
-0.069778 -0.087222 0.017444 1.174459
0.017444 -0.174444 -0.052333 1.177615
-0.069778 -0.017444 0.052333 1.180764
-0.017444 -0.069778 0.034889 1.184250
-0.087222 -0.104667 0.087222 1.188005
-0.069778 -0.069778 0.157000 1.191247
-0.034889 -0.191889 0.139556 1.194418
0.104667 -0.122111 0.104667 1.197485
0.052333 -0.069778 0.017444 1.200613
-0.087222 -0.191889 0.017444 1.203809
0.139556 -0.087222 0.122111 1.206959
-0.017444 -0.087222 -0.052333 1.210140
-0.052333 -0.244222 -0.087222 1.213489
-0.034889 -0.157000 -0.034889 1.217486
0.000000 -0.174444 0.034889 1.221065
0.000000 0.000000 -0.191889 1.224276
-0.087222 -0.191889 0.122111 1.227460
-0.104667 -0.139556 0.069778 1.230633
-0.034889 -0.261667 0.069778 1.233856
0.034889 0.017444 -0.034889 1.237415
0.034889 -0.069778 0.122111 1.240571
0.000000 -0.139556 -0.034889 1.243729
-0.104667 -0.122111 0.000000 1.247199
-0.087222 -0.069778 -0.069778 1.250582
-0.017444 -0.122111 0.052333 1.254208
0.104667 -0.296556 0.034889 1.257411
0.157000 -0.104667 0.017444 1.260553
0.052333 0.017444 0.034889 1.263653
-0.122111 -0.261667 0.104667 1.266890
-0.034889 -0.034889 0.000000 1.270497
-0.087222 -0.122111 0.087222 1.273665
0.034889 -0.087222 0.000000 1.277028
-0.052333 -0.122111 0.000000 1.280511
-0.191889 -0.139556 0.017444 1.283767
-0.017444 -0.209333 0.087222 1.287403
-0.069778 -0.157000 0.017444 1.290574
-0.104667 -0.174444 -0.017444 1.293766
-0.139556 -0.104667 -0.104667 1.296941
0.052333 -0.052333 -0.122111 1.300129
0.000000 -0.157000 -0.052333 1.303344
0.017444 -0.209333 0.122111 1.306497
-0.034889 -0.139556 0.000000 1.309856
-0.069778 -0.104667 0.017444 1.313543
-0.104667 -0.104667 0.052333 1.316779
-0.087222 -0.104667 0.122111 1.320020
-0.052333 -0.087222 0.034889 1.323193
0.000000 -0.261667 -0.069778 1.326348
-0.017444 -0.139556 -0.069778 1.329528
0.052333 -0.244222 0.017444 1.332614
0.017444 -0.139556 0.087222 1.335736
-0.122111 -0.034889 -0.069778 1.339094
0.087222 -0.087222 0.087222 1.342900
-0.052333 -0.052333 -0.034889 1.346541
0.034889 0.017444 0.157000 1.349684
0.122111 -0.104667 -0.087222 1.352894
-0.139556 -0.157000 -0.034889 1.356112
-0.139556 -0.104667 0.122111 1.359193
0.017444 -0.122111 0.174444 1.362319
-0.087222 -0.174444 -0.017444 1.365498
-0.017444 -0.087222 0.034889 1.368646
0.052333 -0.087222 -0.104667 1.372147
-0.052333 -0.104667 -0.034889 1.375783
0.000000 -0.174444 -0.034889 1.379022
-0.017444 -0.052333 0.069778 1.382183
-0.087222 -0.209333 -0.017444 1.385409
0.034889 -0.034889 0.104667 1.388552
-0.034889 -0.174444 -0.052333 1.391719
-0.122111 -0.122111 0.017444 1.395328
-0.191889 -0.209333 0.034889 1.398581
-0.034889 0.000000 0.069778 1.401990
0.000000 -0.104667 0.034889 1.405565
0.017444 -0.122111 -0.209333 1.408833
-0.139556 -0.139556 0.000000 1.412121
0.000000 -0.104667 -0.017444 1.415307
-0.157000 -0.087222 -0.052333 1.418962
-0.052333 -0.017444 0.052333 1.422211
0.000000 -0.122111 0.087222 1.425332
-0.122111 -0.122111 0.017444 1.428503
-0.069778 -0.069778 0.000000 1.431870
-0.104667 -0.139556 -0.034889 1.435700
-0.157000 -0.104667 -0.104667 1.439316
-0.034889 -0.087222 -0.069778 1.442543
-0.087222 -0.191889 0.034889 1.445700
