rads/s rads/s rads/s sec
-0.087222 -0.191889 0.157000 0.003926
-0.244222 -0.209333 -0.104667 0.008253
-0.174444 -0.122111 -0.157000 0.011745
0.017444 -0.139556 0.191889 0.014894
-0.226778 -0.174444 -0.052333 0.018120
0.000000 -0.017444 -0.191889 0.021489
0.034889 -0.104667 -0.139556 0.025283
0.000000 -0.122111 0.296556 0.028762
0.069778 -0.069778 0.000000 0.032194
-0.087222 0.000000 -0.209333 0.035413
-0.052333 -0.069778 0.017444 0.039005
0.034889 -0.139556 0.017444 0.042630
0.087222 -0.157000 0.087222 0.045998
-0.052333 -0.174444 0.209333 0.049186
0.087222 -0.139556 0.157000 0.052327
0.034889 -0.191889 -0.279111 0.056256
-0.104667 -0.052333 -0.034889 0.060031
0.000000 -0.052333 0.087222 0.063579
-0.069778 -0.209333 0.139556 0.066771
0.000000 -0.087222 0.122111 0.069918
0.017444 -0.122111 -0.052333 0.073819
0.069778 -0.087222 -0.104667 0.077294
-0.139556 -0.069778 -0.279111 0.080500
-0.087222 -0.157000 -0.174444 0.083687
0.017444 -0.052333 0.034889 0.086831
-0.087222 -0.174444 0.069778 0.091162
-0.174444 -0.122111 0.122111 0.094775
0.087222 -0.087222 -0.104667 0.097987
-0.069778 -0.087222 -0.034889 0.101156
0.034889 0.000000 0.069778 0.104406
0.000000 -0.157000 0.069778 0.108248
0.069778 -0.122111 0.017444 0.111620
-0.052333 -0.122111 0.017444 0.114828
0.122111 0.017444 0.000000 0.117946
0.017444 -0.104667 -0.052333 0.121402
0.087222 -0.157000 0.034889 0.125354
0.017444 -0.104667 -0.017444 0.128812
0.122111 -0.052333 -0.122111 0.132000
-0.052333 -0.244222 0.087222 0.135269
0.087222 0.000000 -0.052333 0.139049
-0.087222 -0.087222 -0.017444 0.142545
0.034889 -0.174444 0.191889 0.145646
0.017444 -0.052333 0.034889 0.148783
0.000000 0.069778 -0.017444 0.152379
-0.122111 -0.087222 0.000000 0.156694
0.191889 -0.157000 0.139556 0.160056
-0.069778 -0.157000 0.034889 0.163266
0.139556 -0.226778 -0.017444 0.166458
0.052333 -0.069778 -0.017444 0.169684
-0.069778 0.087222 -0.052333 0.173558
0.052333 -0.122111 -0.052333 0.176999
0.069778 0.000000 -0.069778 0.180165
-0.069778 0.000000 0.034889 0.183656
-0.069778 0.000000 0.000000 0.187067
0.122111 -0.209333 0.034889 0.190732
-0.104667 -0.191889 0.034889 0.193999
-0.017444 -0.034889 -0.087222 0.197209
-0.139556 0.000000 -0.052333 0.200492
0.017444 -0.139556 0.122111 0.203634
-0.122111 -0.122111 0.122111 0.207602
0.052333 -0.191889 -0.104667 0.210939
0.017444 -0.052333 0.069778 0.214348
0.034889 -0.139556 -0.017444 0.217803
0.087222 -0.034889 -0.069778 0.221093
-0.017444 -0.104667 -0.017444 0.224990
-0.052333 -0.087222 0.052333 0.228270
-0.087222 -0.139556 0.087222 0.231570
-0.034889 -0.104667 0.069778 0.234780
-0.052333 -0.122111 0.034889 0.237999
0.087222 -0.191889 0.087222 0.241612
-0.034889 0.017444 0.034889 0.244986
0.104667 -0.122111 -0.104667 0.248350
-0.087222 0.034889 -0.017444 0.251570
0.000000 -0.017444 -0.034889 0.254808
0.052333 -0.139556 0.000000 0.258484
0.087222 -0.122111 -0.017444 0.261746
-0.069778 -0.174444 -0.017444 0.265184
0.104667 -0.069778 0.000000 0.268329
-0.034889 -0.052333 -0.017444 0.271567
0.034889 0.000000 0.034889 0.275554
0.017444 -0.139556 0.069778 0.279399
-0.139556 -0.034889 0.017444 0.282656
0.034889 -0.226778 -0.017444 0.285818
-0.087222 -0.209333 0.017444 0.289403
0.104667 -0.087222 0.157000 0.292631
0.069778 -0.279111 0.191889 0.296043
0.017444 -0.174444 0.000000 0.299274
0.174444 -0.174444 -0.017444 0.302443
-0.104667 -0.139556 0.000000 0.306273
-0.069778 -0.157000 -0.034889 0.309709
0.017444 -0.017444 0.034889 0.313057
-0.069778 -0.087222 -0.017444 0.316279
0.157000 -0.139556 0.000000 0.319437
0.034889 -0.069778 0.087222 0.323009
0.017444 -0.104667 0.052333 0.326225
0.017444 -0.122111 0.000000 0.329570
-0.087222 -0.052333 0.034889 0.332763
0.191889 -0.191889 -0.034889 0.335850
-0.034889 -0.122111 0.087222 0.339735
0.104667 -0.279111 0.000000 0.343352
0.087222 -0.122111 0.052333 0.346682
-0.157000 -0.279111 0.104667 0.349834
-0.104667 -0.244222 0.122111 0.352988
-0.087222 -0.017444 0.000000 0.356578
-0.034889 -0.104667 -0.069778 0.360036
0.052333 -0.087222 0.034889 0.363190
-0.296556 -0.157000 -0.157000 0.366380
0.000000 -0.104667 0.087222 0.369782
-0.139556 0.087222 -0.104667 0.373406
-0.069778 -0.174444 0.087222 0.376960
0.122111 -0.139556 -0.017444 0.380149
0.069778 -0.104667 -0.052333 0.383339
0.017444 -0.122111 0.069778 0.386435
0.052333 -0.017444 0.087222 0.389977
-0.034889 -0.104667 0.000000 0.393384
0.104667 -0.087222 -0.122111 0.396577
-0.087222 -0.017444 0.017444 0.399843
0.052333 -0.139556 0.017444 0.403825
0.000000 -0.139556 -0.069778 0.407739
0.034889 -0.122111 -0.052333 0.411330
0.000000 -0.191889 -0.052333 0.414655
0.017444 -0.139556 0.104667 0.417937
-0.017444 -0.261667 0.034889 0.421256
-0.122111 -0.104667 -0.034889 0.425174
-0.104667 -0.244222 0.139556 0.428558
-0.087222 -0.122111 0.069778 0.434795
0.034889 -0.104667 0.052333 0.438673
0.122111 -0.087222 0.017444 0.442347
0.034889 -0.104667 0.104667 0.445709
0.000000 -0.139556 -0.017444 0.448988
0.000000 -0.052333 0.034889 0.452272
0.017444 -0.104667 -0.122111 0.456499
0.069778 -0.157000 0.052333 0.460215
0.104667 -0.191889 0.017444 0.464964
0.069778 -0.017444 0.034889 0.468399
-0.052333 -0.069778 -0.052333 0.471904
-0.104667 -0.174444 0.069778 0.475491
-0.087222 -0.034889 0.069778 0.478706
0.122111 -0.244222 0.000000 0.481860
-0.069778 -0.017444 0.104667 0.485023
0.069778 -0.017444 0.034889 0.488551
0.104667 -0.139556 0.034889 0.491856
0.087222 -0.069778 -0.052333 0.495310
0.104667 -0.191889 -0.034889 0.498779
-0.087222 -0.226778 0.017444 0.502028
-0.087222 -0.104667 0.069778 0.506307
0.052333 -0.157000 -0.052333 0.509597
0.017444 -0.244222 -0.034889 0.512765
-0.191889 -0.052333 -0.087222 0.515957
-0.069778 -0.104667 0.017444 0.519458
-0.034889 -0.087222 -0.157000 0.523196
0.017444 -0.122111 0.034889 0.526658
-0.122111 -0.087222 0.017444 0.530305
0.000000 -0.034889 0.069778 0.533494
-0.104667 -0.069778 0.000000 0.536819
0.000000 -0.191889 0.017444 0.540375
0.034889 -0.104667 -0.017444 0.543676
0.069778 -0.139556 0.052333 0.546816
0.034889 -0.139556 0.000000 0.549991
0.139556 -0.157000 0.052333 0.553348
-0.052333 -0.174444 -0.052333 0.557721
-0.034889 -0.139556 0.069778 0.561644
0.034889 -0.069778 -0.017444 0.565165
0.017444 -0.087222 0.034889 0.568673
0.034889 -0.122111 -0.052333 0.572758
0.122111 -0.087222 0.000000 0.575934
0.034889 -0.209333 0.139556 0.579247
-0.069778 0.017444 0.052333 0.582541
-0.069778 -0.122111 0.174444 0.586659
-0.034889 -0.087222 0.104667 0.591835
-0.069778 -0.104667 0.104667 0.595383
0.052333 -0.069778 0.000000 0.598582
0.104667 -0.122111 0.052333 0.601862
-0.017444 -0.157000 -0.069778 0.605150
-0.069778 -0.191889 -0.017444 0.608618
0.104667 -0.034889 -0.017444 0.611806
0.017444 -0.052333 0.000000 0.614913
0.017444 -0.122111 -0.034889 0.618369
-0.052333 -0.139556 0.017444 0.621995
0.122111 -0.104667 0.087222 0.626074
0.000000 -0.034889 0.191889 0.629282
-0.034889 0.017444 -0.017444 0.632476
0.034889 -0.069778 0.017444 0.635640
0.069778 -0.191889 0.087222 0.639397
0.122111 -0.069778 0.069778 0.642662
0.034889 0.052333 0.087222 0.645831
-0.087222 -0.157000 -0.017444 0.649151
0.034889 -0.104667 0.000000 0.653137
-0.017444 -0.209333 0.087222 0.656782
0.034889 -0.139556 -0.034889 0.660005
0.000000 -0.087222 -0.069778 0.663166
0.087222 -0.122111 -0.087222 0.666528
0.069778 -0.157000 0.087222 0.669700
-0.034889 -0.226778 -0.122111 0.673333
0.104667 -0.122111 -0.034889 0.676562
0.017444 -0.034889 0.017444 0.679809
0.034889 -0.209333 -0.034889 0.683298
0.034889 -0.104667 -0.034889 0.686735
0.069778 -0.104667 0.017444 0.690330
-0.052333 -0.122111 -0.034889 0.693588
-0.017444 -0.174444 0.052333 0.696925
0.052333 -0.087222 0.087222 0.700017
0.034889 -0.087222 0.052333 0.703125
-0.052333 -0.052333 0.017444 0.706721
0.139556 -0.087222 -0.017444 0.709956
0.139556 -0.034889 0.122111 0.713417
-0.139556 -0.104667 0.052333 0.716827
-0.087222 -0.104667 -0.087222 0.720037
0.017444 -0.069778 0.087222 0.723678
-0.052333 -0.174444 0.017444 0.726881
-0.017444 -0.139556 0.104667 0.730299
0.052333 -0.069778 -0.034889 0.733505
-0.017444 -0.122111 0.069778 0.736698
0.017444 -0.174444 -0.052333 0.740222
-0.139556 -0.104667 -0.017444 0.743772
0.122111 -0.104667 0.000000 0.747697
